{"Keyframes":[{"HumanoidRootPart":{"Torso":{"EasingDirection":"Enum.PoseEasingDirection.In","Right Leg":{"EasingDirection":"Enum.PoseEasingDirection.In","CFrame":[-2.18556941433690008286856737039e-08,3.21865081787110010274710440725e-06,1.37090682983400004510952420456e-06,1,-8.88140938492210018409806782214e-16,-8.15596444382590054101439536183e-18,8.88178419700129965504336660543e-16,0.986950457096099964537927462516,0.16102282702922998680605815025,0,-0.16102282702922998680605815025,0.986950695514679954278847162641],"EasingStyle":"Enum.PoseEasingStyle.Constant"},"CFrame":[0,0,0.0800011456012729993414467344337,1,0,0,0,1,0,0,0,1],"Head":{"EasingDirection":"Enum.PoseEasingDirection.In","CFrame":[0,8.70786607265469976889651643887e-07,-1.19209289550780005920358720246e-07,1,0,0,0,0.999313831329350032994796038111,-0.0370386168360710005265090671855,0,0.0370386168360710005265090671855,0.999313831329350032994796038111],"EasingStyle":"Enum.PoseEasingStyle.Constant"},"Left Arm":{"EasingDirection":"Enum.PoseEasingDirection.In","CFrame":[-2.18556941433690008286856737039e-08,0,5.96046447753909955769144237564e-07,1,-8.88146073629449986592444110378e-16,-7.57449948659299949492217652117e-18,8.88178419700129965504336660543e-16,0.973939597606660045769899625157,0.226806446909900011332794633745,0,-0.226806446909900011332794633745,0.973939836025240035510819325282],"EasingStyle":"Enum.PoseEasingStyle.Constant"},"Right Arm":{"EasingDirection":"Enum.PoseEasingDirection.In","CFrame":[2.18556941433690008286856737039e-08,-1.49011611938479992983436379916e-06,-1.19209289550780005920358720246e-07,1,0,0,0,0.974775195121770021700058350689,0.223187729716299992910322202988,0,-0.223187729716299992910322202988,0.974775433540340019433756424405],"EasingStyle":"Enum.PoseEasingStyle.Constant"},"EasingStyle":"Enum.PoseEasingStyle.Constant","Left Leg":{"EasingDirection":"Enum.PoseEasingDirection.In","CFrame":[2.18556941433690008286856737039e-08,3.21865081787110010274710440725e-06,1.37090682983400004510952420456e-06,1,8.88140938492210018409806782214e-16,8.15596444382590054101439536183e-18,-8.88178419700129965504336660543e-16,0.986950457096099964537927462516,0.16102282702922998680605815025,0,-0.16102282702922998680605815025,0.986950695514679954278847162641],"EasingStyle":"Enum.PoseEasingStyle.Constant"}}},"KeyTime":0},{"HumanoidRootPart":{"Torso":{"EasingDirection":"Enum.PoseEasingDirection.In","Right Leg":{"EasingDirection":"Enum.PoseEasingDirection.In","CFrame":[1.71214342117310010769632572236e-05,4.05311584472659976944967918921e-06,9.35792922973629932587979335379e-06,1,4.07248429423750003822934459365e-10,-4.56937634396580026122047476275e-08,2.72087330444039998322819425155e-09,0.982412934303280027670268736983,0.186720013618469987681791621981,1.65909703753189984361175008613e-08,-0.186720013618469987681791621981,0.982413113117220015979569325282],"EasingStyle":"Enum.PoseEasingStyle.Constant"},"CFrame":[0,0,0.0800013542175290054414560358964,0.663067162036899970800618575595,-0.748559832572940009320916487923,0,0.748559832572940009320916487923,0.663067162036899970800618575595,0,0,0,1],"Head":{"EasingDirection":"Enum.PoseEasingDirection.In","CFrame":[8.1229954957962002251494609828e-06,-1.18147581815719994127343236978e-05,-4.17232513427729981016586118317e-07,0.999609291553499978988384100376,-2.98023223876950014800896800616e-08,0.0279494319111109994213659746265,0.00103529717307540005885591050117,0.999313712120060038124336188048,-0.0370282419025899992015560258096,-0.0279302522540090004954382862934,0.0370427221059800027003205968867,0.99892324209213001484641836214],"EasingStyle":"Enum.PoseEasingStyle.Constant"},"Left Arm":{"EasingDirection":"Enum.PoseEasingDirection.In","CFrame":[-7.65174627304080028349520664621e-06,-5.96046447753909955769144237564e-08,-9.65595245361329988472483959461e-06,1,-1.47847645237680000136810089186e-08,-1.40327278685960003069869782939e-08,1.3452273961433999249512628838e-08,0.958957910537719948607104925031,0.28354763984679998145566059975,1.22168728466929992209445820909e-08,-0.28354763984679998145566059975,0.958958148956300049370327087672],"EasingStyle":"Enum.PoseEasingStyle.Constant"},"Right Arm":{"EasingDirection":"Enum.PoseEasingDirection.In","CFrame":[3.05697321891779992346881156262e-05,-1.01327896118159996741853179358e-06,1.63316726684570007568138988452e-05,1,1.52813424136869998670059636776e-08,-4.55698483392550008262815452748e-08,-6.34138475064110027434125869245e-09,0.960003972053530052477299250313,0.279985457658769976152512981571,1.75410228564490006960787564852e-08,-0.279985427856449975436703425657,0.960004210472110042218218950438],"EasingStyle":"Enum.PoseEasingStyle.Constant"},"EasingStyle":"Enum.PoseEasingStyle.Constant","Left Leg":{"EasingDirection":"Enum.PoseEasingDirection.In","CFrame":[-3.82959842681880022240495375918e-06,4.05311584472659976944967918921e-06,-2.05636024475099985590604949326e-06,1,-1.4511003953999000178186729417e-08,-4.38424549997759987177468150518e-08,4.20136725409749984996928982763e-09,0.982412934303280027670268736983,0.186720013618469987681791621981,1.32113555650899994818283289186e-08,-0.186720013618469987681791621981,0.982413172721860017411188437109],"EasingStyle":"Enum.PoseEasingStyle.Constant"}}},"KeyTime":0.100000000000000005551115123126},{"HumanoidRootPart":{"Torso":{"EasingDirection":"Enum.PoseEasingDirection.In","Right Leg":{"EasingDirection":"Enum.PoseEasingDirection.In","CFrame":[-2.18556941433690008286856737039e-08,3.21865081787110010274710440725e-06,1.37090682983400004510952420456e-06,1,-8.88140938492210018409806782214e-16,-8.15596444382590054101439536183e-18,8.88178419700129965504336660543e-16,0.986950457096099964537927462516,0.16102282702922998680605815025,0,-0.16102282702922998680605815025,0.986950695514679954278847162641],"EasingStyle":"Enum.PoseEasingStyle.Constant"},"CFrame":[0,0,0.0800011456012729993414467344337,1,0,0,0,1,0,0,0,1],"Head":{"EasingDirection":"Enum.PoseEasingDirection.In","CFrame":[0,8.70786607265469976889651643887e-07,-1.19209289550780005920358720246e-07,1,0,0,0,0.999313831329350032994796038111,-0.0370386168360710005265090671855,0,0.0370386168360710005265090671855,0.999313831329350032994796038111],"EasingStyle":"Enum.PoseEasingStyle.Constant"},"Left Arm":{"EasingDirection":"Enum.PoseEasingDirection.In","CFrame":[-2.18556941433690008286856737039e-08,0,5.96046447753909955769144237564e-07,1,-8.88146073629449986592444110378e-16,-7.57449948659299949492217652117e-18,8.88178419700129965504336660543e-16,0.973939597606660045769899625157,0.226806446909900011332794633745,0,-0.226806446909900011332794633745,0.973939836025240035510819325282],"EasingStyle":"Enum.PoseEasingStyle.Constant"},"Right Arm":{"EasingDirection":"Enum.PoseEasingDirection.In","CFrame":[2.18556941433690008286856737039e-08,-1.49011611938479992983436379916e-06,-1.19209289550780005920358720246e-07,1,0,0,0,0.974775195121770021700058350689,0.223187729716299992910322202988,0,-0.223187729716299992910322202988,0.974775433540340019433756424405],"EasingStyle":"Enum.PoseEasingStyle.Constant"},"EasingStyle":"Enum.PoseEasingStyle.Constant","Left Leg":{"EasingDirection":"Enum.PoseEasingDirection.In","CFrame":[2.18556941433690008286856737039e-08,3.21865081787110010274710440725e-06,1.37090682983400004510952420456e-06,1,8.88140938492210018409806782214e-16,8.15596444382590054101439536183e-18,-8.88178419700129965504336660543e-16,0.986950457096099964537927462516,0.16102282702922998680605815025,0,-0.16102282702922998680605815025,0.986950695514679954278847162641],"EasingStyle":"Enum.PoseEasingStyle.Constant"}}},"KeyTime":0.200000000000000011102230246252},{"HumanoidRootPart":{"Torso":{"EasingDirection":"Enum.PoseEasingDirection.In","Right Leg":{"EasingDirection":"Enum.PoseEasingDirection.In","CFrame":[0.000102549791336060003993368994202,2.49147415161130000350615115723e-05,-0.000613510608673100039933689942018,0.999656200408939987767098500626,-2.98023195455239988826848327591e-07,0.026212893426417999132027603082,-0.0042252014391123996969734655238,0.986921608448030007743057012704,0.161144196987149990185628212203,-0.0258700568228960002536975792964,-0.161199554800989991454329697262,0.986582577228550028358711188048],"EasingStyle":"Enum.PoseEasingStyle.Constant"},"CFrame":[0,0,0.0800013542175290054414560358964,0.692544937133789950678419700125,0.721374809741969991172538811952,0,-0.721374809741969991172538811952,0.692544937133789950678419700125,0,0,0,1],"Head":{"EasingDirection":"Enum.PoseEasingDirection.In","CFrame":[0.000197073444724079992326423727,-0.000396566465497019996714472833688,3.1888484954834001315658945086e-06,0.999656200408939987767098500626,4.17232513427729981016586118317e-07,0.0262157283723350002790919432982,0.000976572628133000027531029907379,0.999305129051210050405984475219,-0.0372547134757039988262050655976,-0.0261975321918729991965690828692,0.0372675135731699996854970891036,0.998961865901950019086541487923],"EasingStyle":"Enum.PoseEasingStyle.Constant"},"Left Arm":{"EasingDirection":"Enum.PoseEasingDirection.In","CFrame":[-0.000629529356956479982029839526092,0,-0.000221967697143549998325604000193,0.999656021594999999457797912328,-2.23517395170350009932225265885e-06,0.0262187048792839987043645777476,-0.00594784319400790042337012764051,0.973909020423890048334669700125,0.226859837770460009975792559089,-0.0255351159721610015962411921464,-0.226937741041180002232735546386,0.973574340343480004733578425657],"EasingStyle":"Enum.PoseEasingStyle.Constant"},"Right Arm":{"EasingDirection":"Enum.PoseEasingDirection.In","CFrame":[7.90357589721679958550543121376e-05,-2.20537185668950013532857261367e-06,-0.000591933727264399960066310057982,0.999656379222869984069177462516,1.78813920115319992064413664144e-07,0.0262078829109670015384825347837,-0.0058529525995255002324135773506,0.974744677543640025696447537484,0.223244503140449995770566715692,-0.0255459025502200003099328995404,-0.22332118451595001085152603082,0.974409878253939987224896412954],"EasingStyle":"Enum.PoseEasingStyle.Constant"},"EasingStyle":"Enum.PoseEasingStyle.Constant","Left Leg":{"EasingDirection":"Enum.PoseEasingDirection.In","CFrame":[-0.000656589865684510036285270739853,2.27689743041989985214337138819e-05,-0.000248998403549189999128810057982,0.999655902385710004587338062265,-1.87754619673800000016891317833e-06,0.0262235645204779987960108655898,-0.00422529736533759983641012070166,0.986921966075899992354436562891,0.161142066121099991615750468554,-0.025880845263599999012127383935,-0.161197438836099993242356731571,0.986582636833190029790330299875],"EasingStyle":"Enum.PoseEasingStyle.Constant"}}},"KeyTime":0.299999999999999988897769753748},{"HumanoidRootPart":{"Torso":{"EasingDirection":"Enum.PoseEasingDirection.In","Right Leg":{"EasingDirection":"Enum.PoseEasingDirection.In","CFrame":[-2.18556941433690008286856737039e-08,3.21865081787110010274710440725e-06,1.37090682983400004510952420456e-06,1,-8.88140938492210018409806782214e-16,-8.15596444382590054101439536183e-18,8.88178419700129965504336660543e-16,0.986950457096099964537927462516,0.16102282702922998680605815025,0,-0.16102282702922998680605815025,0.986950695514679954278847162641],"EasingStyle":"Enum.PoseEasingStyle.Constant"},"CFrame":[0,0,0.0800011456012729993414467344337,1,0,0,0,1,0,0,0,1],"Head":{"EasingDirection":"Enum.PoseEasingDirection.In","CFrame":[0,8.70786607265469976889651643887e-07,-1.19209289550780005920358720246e-07,1,0,0,0,0.999313831329350032994796038111,-0.0370386168360710005265090671855,0,0.0370386168360710005265090671855,0.999313831329350032994796038111],"EasingStyle":"Enum.PoseEasingStyle.Constant"},"Left Arm":{"EasingDirection":"Enum.PoseEasingDirection.In","CFrame":[-2.18556941433690008286856737039e-08,0,5.96046447753909955769144237564e-07,1,-8.88146073629449986592444110378e-16,-7.57449948659299949492217652117e-18,8.88178419700129965504336660543e-16,0.973939597606660045769899625157,0.226806446909900011332794633745,0,-0.226806446909900011332794633745,0.973939836025240035510819325282],"EasingStyle":"Enum.PoseEasingStyle.Constant"},"Right Arm":{"EasingDirection":"Enum.PoseEasingDirection.In","CFrame":[2.18556941433690008286856737039e-08,-1.49011611938479992983436379916e-06,-1.19209289550780005920358720246e-07,1,0,0,0,0.974775195121770021700058350689,0.223187729716299992910322202988,0,-0.223187729716299992910322202988,0.974775433540340019433756424405],"EasingStyle":"Enum.PoseEasingStyle.Constant"},"EasingStyle":"Enum.PoseEasingStyle.Constant","Left Leg":{"EasingDirection":"Enum.PoseEasingDirection.In","CFrame":[2.18556941433690008286856737039e-08,3.21865081787110010274710440725e-06,1.37090682983400004510952420456e-06,1,8.88140938492210018409806782214e-16,8.15596444382590054101439536183e-18,-8.88178419700129965504336660543e-16,0.986950457096099964537927462516,0.16102282702922998680605815025,0,-0.16102282702922998680605815025,0.986950695514679954278847162641],"EasingStyle":"Enum.PoseEasingStyle.Constant"}}},"KeyTime":0.400000000000000022204460492503},{"HumanoidRootPart":{"Torso":{"EasingDirection":"Enum.PoseEasingDirection.In","Right Leg":{"EasingDirection":"Enum.PoseEasingDirection.In","CFrame":[0.0200016573071480005530098367217,5.60283660888670011527516040539e-06,-6.55651092529300009021904840911e-06,1,-4.88498088483420016235661060621e-15,0,5.32907051820080030340955570957e-15,0.986949205398560014401709850063,0.161030381917949994008409930757,0,-0.161030381917949994008409930757,0.986949443817140004142629550188],"EasingStyle":"Enum.PoseEasingStyle.Linear"},"CFrame":[0.0199997704476119995964378261988,0,0.0800013542175290054414560358964,1,0,0,0,1,0,0,0,1],"Head":{"EasingDirection":"Enum.PoseEasingDirection.In","CFrame":[0.0199997704476119995964378261988,-9.98377799987790004134684609949e-07,-2.38418579101560011840717440493e-07,1,0,0,0,0.999313831329350032994796038111,-0.0370387136936190033975613289385,0,0.0370387136936190033975613289385,0.999313831329350032994796038111],"EasingStyle":"Enum.PoseEasingStyle.Linear"},"Left Arm":{"EasingDirection":"Enum.PoseEasingDirection.In","CFrame":[0.0200016573071480005530098367217,1.25169754028319994862644779637e-06,-8.34465026855470020549420881451e-07,1,-6.2172485143843998437785469231e-15,0,5.32907051820080030340955570957e-15,0.97393846511840997948183940025,0.226811334490780003303456169306,0,-0.226811334490780003303456169306,0.973938703536989969222759100376],"EasingStyle":"Enum.PoseEasingStyle.Linear"},"Right Arm":{"EasingDirection":"Enum.PoseEasingDirection.In","CFrame":[5.4994598031043997877326777457e-06,-3.69548797607420011527516040539e-06,-3.69548797607420011527516040539e-06,-0.999235808849330053860171574343,-0.0341040380299090020721486382627,-0.0190980993211270003162560726651,0.0381036698818209979000570797325,-0.958825588226320024709536937735,-0.281426846981050027274307012704,-0.00871395505964760001826885371656,-0.281939536333079998620121386921,0.959392547607419987620858137234],"EasingStyle":"Enum.PoseEasingStyle.Linear"},"EasingStyle":"Enum.PoseEasingStyle.Linear","Left Leg":{"EasingDirection":"Enum.PoseEasingDirection.In","CFrame":[0.0200016982853409991394144640253,5.60283660888670011527516040539e-06,-6.55651092529300009021904840911e-06,1,4.88498088483420016235661060621e-15,0,-5.32907051820080030340955570957e-15,0.986949205398560014401709850063,0.161030381917949994008409930757,0,-0.161030381917949994008409930757,0.986949443817140004142629550188],"EasingStyle":"Enum.PoseEasingStyle.Linear"}}},"KeyTime":0.5},{"HumanoidRootPart":{"Torso":{"EasingDirection":"Enum.PoseEasingDirection.In","Right Leg":{"EasingDirection":"Enum.PoseEasingDirection.In","CFrame":[0.00733228400349620040160614209412,6.3180923461914003207693692199e-06,-7.33137130737300028818790101348e-06,1,-6.2172485143843998437785469231e-15,0,5.77315972805079981070659069586e-15,0.98694908618927001953125,0.161031112074849991344649424718,0,-0.161031112074849991344649424718,0.986949324607850009272169700125],"EasingStyle":"Enum.PoseEasingStyle.Linear"},"CFrame":[0.0473339855670929995912210586084,0,0.0800013542175290054414560358964,1,0,0,0,1,0,0,0,1],"Head":{"EasingDirection":"Enum.PoseEasingDirection.In","CFrame":[0.00733421370387080020364356514051,-9.98377799987790004134684609949e-07,-2.38418579101560011840717440493e-07,1,0,0,0,0.999313831329350032994796038111,-0.0370387136936190033975613289385,0,0.0370387136936190033975613289385,0.999313831329350032994796038111],"EasingStyle":"Enum.PoseEasingStyle.Linear"},"Left Arm":{"EasingDirection":"Enum.PoseEasingDirection.In","CFrame":[0.00733228400349620040160614209412,1.43051147460939998747194400186e-06,-1.01327896118159996741853179358e-06,1,-7.1054269340844998325684851852e-15,0,7.99360577730110026977937049585e-15,0.973938345909119984611379550188,0.226811856031420011614585519055,0,-0.226811856031420011614585519055,0.973938584327699974352299250313],"EasingStyle":"Enum.PoseEasingStyle.Linear"},"Right Arm":{"EasingDirection":"Enum.PoseEasingDirection.In","CFrame":[-0.0122301541268830006592427395162,0.201719567179680009383346828145,0.179048329591749988409787874843,-0.992901682853699951714077087672,0.0453894995152950009309478218711,-0.109936699271200005734172577831,0.0393137000501160016607826719337,-0.747118294239039970605631424405,-0.663527071475980001480365899624,-0.112252920866010005851443054326,-0.663139164447779982936026499374,0.740030944347380037484640524781],"EasingStyle":"Enum.PoseEasingStyle.Linear"},"EasingStyle":"Enum.PoseEasingStyle.Linear","Left Leg":{"EasingDirection":"Enum.PoseEasingDirection.In","CFrame":[0.0073323287069798001591713898506,6.3180923461914003207693692199e-06,-7.33137130737300028818790101348e-06,1,6.2172485143843998437785469231e-15,0,-5.77315972805079981070659069586e-15,0.98694908618927001953125,0.161031112074849991344649424718,0,-0.161031112074849991344649424718,0.986949324607850009272169700125],"EasingStyle":"Enum.PoseEasingStyle.Linear"}}},"KeyTime":0.566999999999999948485651657393},{"HumanoidRootPart":{"Torso":{"EasingDirection":"Enum.PoseEasingDirection.In","Right Leg":{"EasingDirection":"Enum.PoseEasingDirection.In","CFrame":[-0.00995210837572810085027708026928,6.79492950439449990978095159089e-06,-8.9406967163086005262635780344e-06,1,-6.6613377242345003252714501989e-15,0,7.10542735760100028098943223376e-15,0.986948847770690029790330299875,0.161032587289809986375033190598,0,-0.161032587289809986375033190598,0.98694908618927001953125],"EasingStyle":"Enum.PoseEasingStyle.Linear"},"CFrame":[0.0700531005859379996003610813204,0,0.0800013542175290054414560358964,1,0,0,0,1,0,0,0,1],"Head":{"EasingDirection":"Enum.PoseEasingDirection.In","CFrame":[-0.00994827225804329959291116836084,-9.98377799987790004134684609949e-07,-2.38418579101560011840717440493e-07,1,0,0,0,0.999313831329350032994796038111,-0.0370387136936190033975613289385,0,0.0370387136936190033975613289385,0.999313831329350032994796038111],"EasingStyle":"Enum.PoseEasingStyle.Linear"},"Left Arm":{"EasingDirection":"Enum.PoseEasingDirection.In","CFrame":[-0.00995210837572810085027708026928,1.72853469848629996115450379451e-06,-1.43051147460939998747194400186e-06,1,-7.99360493026820034713334468824e-15,0,7.99360577730110026977937049585e-15,0.973938107490539994870459850063,0.226812884211540000123363824969,0,-0.226812884211540000123363824969,0.973938345909119984611379550188],"EasingStyle":"Enum.PoseEasingStyle.Linear"},"Right Arm":{"EasingDirection":"Enum.PoseEasingDirection.In","CFrame":[-0.0559114292263980031116865632157,0.0873393490910529951554153171855,0.206986442208289989075353787484,-0.874802052974700039555955299875,-0.251495629549029986460340069243,-0.414090812206269975881411937735,0.48438838124275002128271694346,-0.437372416257859997212875668993,-0.757675886154170030728494111827,0.00944037735462189935009558183765,-0.863397240638730023576385974593,0.504435658454900015534860813204],"EasingStyle":"Enum.PoseEasingStyle.Linear"},"EasingStyle":"Enum.PoseEasingStyle.Linear","Left Leg":{"EasingDirection":"Enum.PoseEasingDirection.In","CFrame":[-0.00995206553488969976328792910181,6.79492950439449990978095159089e-06,-8.9406967163086005262635780344e-06,1,6.6613377242345003252714501989e-15,0,-7.10542735760100028098943223376e-15,0.986948847770690029790330299875,0.161032587289809986375033190598,0,-0.161032587289809986375033190598,0.98694908618927001953125],"EasingStyle":"Enum.PoseEasingStyle.Linear"}}},"KeyTime":0.633000000000000007105427357601},{"HumanoidRootPart":{"Torso":{"EasingDirection":"Enum.PoseEasingDirection.In","Right Leg":{"EasingDirection":"Enum.PoseEasingDirection.In","CFrame":[-0.0126910619437690004585039815765,8.3446502685546993584612615602e-06,-1.36494636535640008094061662036e-05,1,-9.32587255981839923969437578411e-15,0,9.76996261670139964383330486753e-15,0.986948132514949949545268736983,0.161036968231200006140824143586,0,-0.161036968231200006140824143586,0.986948370933530050308490899624],"EasingStyle":"Enum.PoseEasingStyle.Linear"},"CFrame":[0.107316739857199999752523922325,0,0.0800013542175290054414560358964,1,0,0,0,1,0,0,0,1],"Head":{"EasingDirection":"Enum.PoseEasingDirection.In","CFrame":[-0.0126853175461289994357949595383,-9.98377799987790004134684609949e-07,-2.38418579101560011840717440493e-07,1,0,0,0,0.999313831329350032994796038111,-0.0370387136936190033975613289385,0,0.0370387136936190033975613289385,0.999313831329350032994796038111],"EasingStyle":"Enum.PoseEasingStyle.Linear"},"Left Arm":{"EasingDirection":"Enum.PoseEasingDirection.In","CFrame":[-0.0126910619437690004585039815765,1.75833702087399993233571369317e-06,-2.56299972534179983961531539005e-06,1,-7.1054269340844998325684851852e-15,0,7.10542735760100028098943223376e-15,0.973937392234800025647700749687,0.226815953850750012810166822419,0,-0.226815953850750012810166822419,0.973937630653380015388620449812],"EasingStyle":"Enum.PoseEasingStyle.Linear"},"Right Arm":{"EasingDirection":"Enum.PoseEasingDirection.In","CFrame":[-0.0457454323768620024770470422482,0.0714587569236759950763726578771,0.169353187084199996448319325282,-0.783042490482329989198717612453,-0.14446601271629000429186362453,-0.604957938194270017362441649311,0.543746709823609952749734475219,-0.631228685379029985647036937735,-0.553072571754460007298348500626,-0.301966816186900022245254149311,-0.76202327013016002421608163786,0.572832286357879971738782387547],"EasingStyle":"Enum.PoseEasingStyle.Linear"},"EasingStyle":"Enum.PoseEasingStyle.Linear","Left Leg":{"EasingDirection":"Enum.PoseEasingDirection.In","CFrame":[-0.0126910172402860000478996838069,8.3446502685546993584612615602e-06,-1.36494636535640008094061662036e-05,1,9.32587255981839923969437578411e-15,0,-9.76996261670139964383330486753e-15,0.986948132514949949545268736983,0.161036968231200006140824143586,0,-0.161036968231200006140824143586,0.986948370933530050308490899624],"EasingStyle":"Enum.PoseEasingStyle.Linear"}}},"KeyTime":0.699999999999999955591079014994},{"HumanoidRootPart":{"Torso":{"EasingDirection":"Enum.PoseEasingDirection.In","Right Leg":{"EasingDirection":"Enum.PoseEasingDirection.In","CFrame":[0.0134641807526350004015069927732,6.79492950439449990978095159089e-06,-8.9406967163086005262635780344e-06,1,-7.1054269340844998325684851852e-15,0,7.54951656745110076248233550956e-15,0.986948847770690029790330299875,0.161032587289809986375033190598,0,-0.161032587289809986375033190598,0.98694908618927001953125],"EasingStyle":"Enum.PoseEasingStyle.Constant"},"CFrame":[0.0134680178016419998393571333395,0,0.0800013542175290054414560358964,1,0,0,0,1,0,0,0,1],"Head":{"EasingDirection":"Enum.PoseEasingDirection.In","CFrame":[0.0134680178016419998393571333395,-9.98377799987790004134684609949e-07,-2.38418579101560011840717440493e-07,1,0,0,0,0.999313831329350032994796038111,-0.0370387136936190033975613289385,0,0.0370387136936190033975613289385,0.999313831329350032994796038111],"EasingStyle":"Enum.PoseEasingStyle.Constant"},"Left Arm":{"EasingDirection":"Enum.PoseEasingDirection.In","CFrame":[0.0134641807526350004015069927732,1.72853469848629996115450379451e-06,-1.43051147460939998747194400186e-06,1,-7.1054269340844998325684851852e-15,0,7.10542735760100028098943223376e-15,0.973938107490539994870459850063,0.226812884211540000123363824969,0,-0.226812884211540000123363824969,0.973938345909119984611379550188],"EasingStyle":"Enum.PoseEasingStyle.Constant"},"Right Arm":{"EasingDirection":"Enum.PoseEasingDirection.In","CFrame":[-0.0355715155601500007676030179482,0.0555804967880249994882646547012,0.131725609302520002552583378019,-0.682532906532290040146904175344,-0.148521333932880000849863222356,-0.715604782104489967053950749687,0.257422804832459994894833243961,-0.965241193771359973219148287171,-0.045193370431662001351913460212,-0.684019207954409957928021412954,-0.215058967471119993897232802738,0.697041809558869962515359475219],"EasingStyle":"Enum.PoseEasingStyle.Constant"},"EasingStyle":"Enum.PoseEasingStyle.Constant","Left Leg":{"EasingDirection":"Enum.PoseEasingDirection.In","CFrame":[0.0134642254561190000128334531837,6.79492950439449990978095159089e-06,-8.9406967163086005262635780344e-06,1,7.1054269340844998325684851852e-15,0,-7.54951656745110076248233550956e-15,0.986948847770690029790330299875,0.161032587289809986375033190598,0,-0.161032587289809986375033190598,0.98694908618927001953125],"EasingStyle":"Enum.PoseEasingStyle.Constant"}}},"KeyTime":0.767000000000000015099033134902},{"HumanoidRootPart":{"Torso":{"EasingDirection":"Enum.PoseEasingDirection.In","Right Leg":{"EasingDirection":"Enum.PoseEasingDirection.In","CFrame":[-2.18556941433690008286856737039e-08,3.21865081787110010274710440725e-06,1.37090682983400004510952420456e-06,1,-8.88140938492210018409806782214e-16,-8.15596444382590054101439536183e-18,8.88178419700129965504336660543e-16,0.986950457096099964537927462516,0.16102282702922998680605815025,0,-0.16102282702922998680605815025,0.986950695514679954278847162641],"EasingStyle":"Enum.PoseEasingStyle.Constant"},"CFrame":[0,0,0.0800011456012729993414467344337,1,0,0,0,1,0,0,0,1],"Head":{"EasingDirection":"Enum.PoseEasingDirection.In","CFrame":[0,8.70786607265469976889651643887e-07,-1.19209289550780005920358720246e-07,1,0,0,0,0.999313831329350032994796038111,-0.0370386168360710005265090671855,0,0.0370386168360710005265090671855,0.999313831329350032994796038111],"EasingStyle":"Enum.PoseEasingStyle.Constant"},"Left Arm":{"EasingDirection":"Enum.PoseEasingDirection.In","CFrame":[-2.18556941433690008286856737039e-08,0,5.96046447753909955769144237564e-07,1,-8.88146073629449986592444110378e-16,-7.57449948659299949492217652117e-18,8.88178419700129965504336660543e-16,0.973939597606660045769899625157,0.226806446909900011332794633745,0,-0.226806446909900011332794633745,0.973939836025240035510819325282],"EasingStyle":"Enum.PoseEasingStyle.Constant"},"Right Arm":{"EasingDirection":"Enum.PoseEasingDirection.In","CFrame":[2.18556941433690008286856737039e-08,-1.49011611938479992983436379916e-06,-1.19209289550780005920358720246e-07,1,0,0,0,0.974775195121770021700058350689,0.223187729716299992910322202988,0,-0.223187729716299992910322202988,0.974775433540340019433756424405],"EasingStyle":"Enum.PoseEasingStyle.Constant"},"EasingStyle":"Enum.PoseEasingStyle.Constant","Left Leg":{"EasingDirection":"Enum.PoseEasingDirection.In","CFrame":[2.18556941433690008286856737039e-08,3.21865081787110010274710440725e-06,1.37090682983400004510952420456e-06,1,8.88140938492210018409806782214e-16,8.15596444382590054101439536183e-18,-8.88178419700129965504336660543e-16,0.986950457096099964537927462516,0.16102282702922998680605815025,0,-0.16102282702922998680605815025,0.986950695514679954278847162641],"EasingStyle":"Enum.PoseEasingStyle.Constant"}}},"KeyTime":0.900000000000000022204460492503},{"HumanoidRootPart":{"Torso":{"EasingDirection":"Enum.PoseEasingDirection.In","Right Leg":{"EasingDirection":"Enum.PoseEasingDirection.In","CFrame":[-9.17911529541020029571325722362e-06,9.08970832824710080568610115481e-06,-3.06963920593259982332458128684e-06,0.153525799512859995044067318304,-0.988144516944890027865255888173,4.32133674621580019546750271037e-07,0.975249230861660043601091274468,0.151522293686870007656253278583,0.161027073860170011343484475219,-0.159118145704269992046775428207,-0.0247213970869780003125626421934,0.986949980258939985056088062265],"EasingStyle":"Enum.PoseEasingStyle.Constant"},"CFrame":[0,0,-1.48999738693239991427219592879,1,0,0,0,1,0,0,0,1],"Head":{"EasingDirection":"Enum.PoseEasingDirection.In","CFrame":[-9.22940671443939950138203847513e-07,-1.456588506698599928108027457e-06,-3.57627868652339991291296559042e-07,0.999977052211760031319442987296,-1.60071067512039996914598343499e-10,0.00677800597622990001062115439368,0.000251048506470399987889480231118,0.999313831329350032994796038111,-0.0370378196239469978379155179482,-0.00677335541695360011937854238795,0.0370386689901349985820644405976,0.999290883541109953291936562891],"EasingStyle":"Enum.PoseEasingStyle.Constant"},"Left Arm":{"EasingDirection":"Enum.PoseEasingDirection.In","CFrame":[-2.18556941433690008286856737039e-08,-5.96046447753909955769144237564e-08,3.57627868652339991291296559042e-07,1,-1.77631268780790007782160380501e-15,1.25026389169340000162377263846e-17,1.77635683940030016291483959269e-15,0.970107614994049960444044700125,0.242674112319950008309632494274,0,-0.242674112319950008309632494274,0.97010785341262995018496440025],"EasingStyle":"Enum.PoseEasingStyle.Constant"},"Right Arm":{"EasingDirection":"Enum.PoseEasingDirection.In","CFrame":[2.18556941433690008286856737039e-08,-1.49011611938479992983436379916e-06,-1.54972076416020008395502041004e-06,1,1.77631268780790007782160380501e-15,-1.25026389169340000162377263846e-17,-2.66453525910040015170477785478e-15,0.97100210189819002870592612453,0.239069968461989995622829496824,0,-0.239069953560829995264924718867,0.971002340316770018446845824656],"EasingStyle":"Enum.PoseEasingStyle.Constant"},"EasingStyle":"Enum.PoseEasingStyle.Constant","Left Leg":{"EasingDirection":"Enum.PoseEasingDirection.In","CFrame":[-5.18560409545899962159305057741e-06,1.10566616058349999010155736978e-05,-3.63588333129880017291274060809e-06,0.122145108878610006430953660583,0.992512166500089998422140524781,-2.38418607523270024579876112669e-07,-0.979559898376459958768691649311,0.120551109313960000402055072755,0.161026716232299998976529309402,0.159821033477780011233804202675,-0.0196683797985320006629361699879,0.986950159072879973365388650564],"EasingStyle":"Enum.PoseEasingStyle.Constant"}}},"KeyTime":1},{"HumanoidRootPart":{"Torso":{"EasingDirection":"Enum.PoseEasingDirection.In","Right Leg":{"EasingDirection":"Enum.PoseEasingDirection.In","CFrame":[-2.18556941433690008286856737039e-08,3.21865081787110010274710440725e-06,1.37090682983400004510952420456e-06,1,-8.88140938492210018409806782214e-16,-8.15596444382590054101439536183e-18,8.88178419700129965504336660543e-16,0.986950457096099964537927462516,0.16102282702922998680605815025,0,-0.16102282702922998680605815025,0.986950695514679954278847162641],"EasingStyle":"Enum.PoseEasingStyle.Constant"},"CFrame":[0,0,0.0800011456012729993414467344337,1,0,0,0,1,0,0,0,1],"Head":{"EasingDirection":"Enum.PoseEasingDirection.In","CFrame":[0,8.70786607265469976889651643887e-07,-1.19209289550780005920358720246e-07,1,0,0,0,0.999313831329350032994796038111,-0.0370386168360710005265090671855,0,0.0370386168360710005265090671855,0.999313831329350032994796038111],"EasingStyle":"Enum.PoseEasingStyle.Constant"},"Left Arm":{"EasingDirection":"Enum.PoseEasingDirection.In","CFrame":[-2.18556941433690008286856737039e-08,0,5.96046447753909955769144237564e-07,1,-8.88146073629449986592444110378e-16,-7.57449948659299949492217652117e-18,8.88178419700129965504336660543e-16,0.973939597606660045769899625157,0.226806446909900011332794633745,0,-0.226806446909900011332794633745,0.973939836025240035510819325282],"EasingStyle":"Enum.PoseEasingStyle.Constant"},"Right Arm":{"EasingDirection":"Enum.PoseEasingDirection.In","CFrame":[2.18556941433690008286856737039e-08,-1.49011611938479992983436379916e-06,-1.19209289550780005920358720246e-07,1,0,0,0,0.974775195121770021700058350689,0.223187729716299992910322202988,0,-0.223187729716299992910322202988,0.974775433540340019433756424405],"EasingStyle":"Enum.PoseEasingStyle.Constant"},"EasingStyle":"Enum.PoseEasingStyle.Constant","Left Leg":{"EasingDirection":"Enum.PoseEasingDirection.In","CFrame":[2.18556941433690008286856737039e-08,3.21865081787110010274710440725e-06,1.37090682983400004510952420456e-06,1,8.88140938492210018409806782214e-16,8.15596444382590054101439536183e-18,-8.88178419700129965504336660543e-16,0.986950457096099964537927462516,0.16102282702922998680605815025,0,-0.16102282702922998680605815025,0.986950695514679954278847162641],"EasingStyle":"Enum.PoseEasingStyle.Constant"}}},"KeyTime":1.10000000000000008881784197001},{"HumanoidRootPart":{"Torso":{"EasingDirection":"Enum.PoseEasingDirection.In","Right Leg":[],"CFrame":[0,0,0.0800013542175290054414560358964,1,0,0,0,1,0,0,0,1],"Head":{"EasingDirection":"Enum.PoseEasingDirection.In","CFrame":[1.47148966789250010040075722362e-06,-3.35276126861570015693733855765e-08,2.98023223876950014800896800616e-08,0.999775886535639979335599036858,-1.02736521512270006842107314621e-08,-0.0211679134517910004509300136988,-0.000784064992330970006277623962632,0.999313771724700039555955299875,-0.0370324365794659979278513617373,0.021153388544916999075562458188,0.0370407402515409989174344218554,0.999089837074280007200854925031],"EasingStyle":"Enum.PoseEasingStyle.Linear"},"Left Arm":{"EasingDirection":"Enum.PoseEasingDirection.In","CFrame":[-0.131006777286530012860410465692,-0.253743559122090012181161000626,-0.360636860132220016250670369118,0.783768534660340021602564775094,0.284805595874789985177955031759,-0.551899135112760008681220824656,-0.604867517948149968631810224906,0.551612913608550026189902837359,-0.574332535266879995461408725532,0.14086164534091999422926733132,0.783969700336459962564106263017,0.604606747627259966115786937735],"EasingStyle":"Enum.PoseEasingStyle.Linear"},"Right Arm":{"EasingDirection":"Enum.PoseEasingDirection.In","CFrame":[0.239981889724730002022567987296,-0.379430174827580013463546038111,-0.334732294082639991739114293523,0.775891542434690051344148287171,-0.428533226251600007916664480945,0.462981045246119993219480193147,0.614951610565189987767098500626,0.677549481391909957928021412954,-0.403435915708539982738045637234,-0.140806958079339988865186228395,0.597733497619630016473024625157,0.789232432842249975735171574343],"EasingStyle":"Enum.PoseEasingStyle.Linear"},"EasingStyle":"Enum.PoseEasingStyle.Linear","Left Leg":{"EasingDirection":"Enum.PoseEasingDirection.In","CFrame":[2.1855695919725999047613748563e-08,5.1259994506835996792306307801e-06,-5.66244125366209984587934338912e-07,1,2.2203850628781001216006299333e-15,1.64481688432619999601511589045e-17,-2.22044604925030006464232718949e-15,0.995537459850309947029245449812,0.0943648368120190011998360546386,0,-0.0943648368120190011998360546386,0.995537698268890047792467612453],"EasingStyle":"Enum.PoseEasingStyle.Linear"}}},"KeyTime":1.19999999999999995559107901499},{"HumanoidRootPart":{"Torso":{"EasingDirection":"Enum.PoseEasingDirection.In","Right Leg":{"EasingDirection":"Enum.PoseEasingDirection.In","CFrame":[-2.1855699472438999560012384436e-08,-0.0896621420979499955672409328145,-0.0076183998025954003871507147494,1,-9.99200637459349947483579655306e-15,1.06581410364019997704371532511e-14,1.11022302462519992777341882374e-14,0.996414661407470036991185224906,-0.0846010968089099951727760640097,-7.10542735760100028098943223376e-15,0.0846010968089099951727760640097,0.996414899826050026732104925031],"EasingStyle":"Enum.PoseEasingStyle.Linear"},"CFrame":[0.129199221730229990567906384058,0,0.0655977353453640055214179938048,0.993843078613280028754672912328,0,0.110796809196470003033851980945,0,1,0,-0.110796809196470003033851980945,0,0.993843078613280028754672912328],"Head":{"EasingDirection":"Enum.PoseEasingDirection.In","CFrame":[1.47148966789250010040075722362e-06,-3.35276126861570015693733855765e-08,2.98023223876950014800896800616e-08,0.999775886535639979335599036858,-1.02736521512270006842107314621e-08,-0.0211679134517910004509300136988,-0.000784064992330970006277623962632,0.999313771724700039555955299875,-0.0370324365794659979278513617373,0.021153388544916999075562458188,0.0370407402515409989174344218554,0.999089837074280007200854925031],"EasingStyle":"Enum.PoseEasingStyle.Linear"},"Left Arm":{"EasingDirection":"Enum.PoseEasingDirection.In","CFrame":[-0.131002694368360012022733940285,-0.25373995304107999082532387547,-0.360637396574019997164128881195,0.783768057823180042120725374843,0.258593946695329979235111750313,-0.564656257629389979335599036858,-0.604868054389949949545268736983,0.524054586887359952207532387547,-0.599583983421330013463546038111,0.140861928462980012799476980945,0.811477363109589955314504550188,0.567152678966519996350825749687],"EasingStyle":"Enum.PoseEasingStyle.Linear"},"Right Arm":{"EasingDirection":"Enum.PoseEasingDirection.In","CFrame":[0.070470146834850005967965103082,-0.229669079184530000592445730945,-0.614814758300780028754672912328,0.628889918327329988656515524781,-0.618698000907899947620194325282,0.470860958099370008334005888173,0.776721954345700016375531049562,0.472961008548740013957001337985,-0.415945440530779975141228987923,0.0346457883715629993970352984434,0.627311885356899967547406049562,0.777996897697449951714077087672],"EasingStyle":"Enum.PoseEasingStyle.Linear"},"EasingStyle":"Enum.PoseEasingStyle.Linear","Left Leg":{"EasingDirection":"Enum.PoseEasingDirection.In","CFrame":[2.18556923670119993010351486327e-08,1.13248825073240002154996083905e-05,-5.66244125366209984587934338912e-07,1,3.19486788133220006804912314091e-15,-1.0632607228206999954054213365e-14,-1.77635683940030016291483959269e-15,0.986370623111719968534316649311,0.164537131786349988260553800501,1.06581410364019997704371532511e-14,-0.164537116885189987902649022544,0.986370861530299958275236349436],"EasingStyle":"Enum.PoseEasingStyle.Linear"}}},"KeyTime":1.26699999999999990407673067239},{"HumanoidRootPart":{"Torso":{"EasingDirection":"Enum.PoseEasingDirection.In","Right Leg":{"EasingDirection":"Enum.PoseEasingDirection.In","CFrame":[0.000145435333251950007918754104175,-0.0896698236465449938226157655663,-0.00758159160614010028955700448705,0.939160943031310035955527837359,-0.343477159738539983280247724906,7.26672055861850013167425703375e-07,0.342245310544969982835539212829,0.935792267322539950136217612453,-0.0846198797225950066769328827831,0.0290643516927959998097374949566,0.0794719308614730002293669031133,0.996413350105289974401046038111],"EasingStyle":"Enum.PoseEasingStyle.Linear"},"CFrame":[0.0200366973876950002497743241747,0.04815673828125,-0.1187744140625,0.988806962966919944513222162641,0.0668491795659069965029885906915,0.133386731147769999061836188048,-0.0359067060053349998427485445518,0.974354326725009989296211188048,-0.222135886549950006818576753176,-0.144815534353260000344221225532,0.214860036969179990506972899311,0.965848624706269975881411937735],"Head":{"EasingDirection":"Enum.PoseEasingDirection.In","CFrame":[1.47148966789250010040075722362e-06,-3.35276126861570015693733855765e-08,2.98023223876950014800896800616e-08,0.999775886535639979335599036858,-1.02736521512270006842107314621e-08,-0.0211679134517910004509300136988,-0.000784064992330970006277623962632,0.999313771724700039555955299875,-0.0370324365794659979278513617373,0.021153388544916999075562458188,0.0370407402515409989174344218554,0.999089837074280007200854925031],"EasingStyle":"Enum.PoseEasingStyle.Linear"},"Left Arm":{"EasingDirection":"Enum.PoseEasingDirection.In","CFrame":[-0.130975246429440000950350508901,-0.253745615482329989198717612453,-0.360651493072509987669604925031,0.783767640590669945055424250313,0.207955747842790000801116434559,-0.585202991962429974748260974593,-0.604868412017820045178950749687,0.469318479299550006533792156915,-0.643330216407779986731441113079,0.14086246490479001347573273506,0.858192443847660024758283725532,0.493622630834580022884949812578],"EasingStyle":"Enum.PoseEasingStyle.Linear"},"Right Arm":{"EasingDirection":"Enum.PoseEasingDirection.In","CFrame":[0.0704654455184939992884451953614,-0.229677736759190009863118575595,-0.614822745323180042120725374843,0.62