{"Keyframes":[{"HumanoidRootPart":{"Torso":{"Right Arm":[],"Left Arm":[],"Head":[],"Right Leg":[],"Left Leg":[]}},"KeyTime":0},{"HumanoidRootPart":{"Torso":{"EasingDirection":"Enum.PoseEasingDirection.InOut","Right Arm":{"EasingDirection":"Enum.PoseEasingDirection.In","CFrame":[0.176138401031490005044233271292,-0.047174692153930997129407387547,0.081822276115416994746176726494,-0.87825942039490001445045663786,-0.458622992038730026287396412954,0.135370820760730009579830834809,0.239309683442120002538899825595,-0.176457241177560009148805875157,0.954774022102359953834138650564,-0.413994252681730012799476980945,0.870934903621670031270696199499,0.264728337526320023354031718554],"EasingStyle":"Enum.PoseEasingStyle.Linear"},"CFrame":[0,0,0,0.889565646648409980024041487923,0.423041105270390016546144806853,-0.17236366868019001308276472173,-0.456807374954220024587669968241,0.823810756206510008681220824656,-0.335652947425840009199049518429,6.70552253723140031387467711529e-08,0.377322286367419990060767531759,0.92608201503753995176282387547],"Left Arm":{"EasingDirection":"Enum.PoseEasingDirection.In","CFrame":[-0.378815114498139982046609475219,0.19749018549919000742320918107,0.279584586620329977879606531133,-0.421028286218640024340942318304,0.124384038150310002879272985865,0.898478507995610020664400963142,-0.858085453510279982936026499374,-0.375664383172990001824587125157,-0.35009345412254000429186362453,0.293980300426479990161254818304,-0.918370604515080013463546038111,0.26489755511284002187366581893],"EasingStyle":"Enum.PoseEasingStyle.Linear"},"Head":{"EasingDirection":"Enum.PoseEasingDirection.In","CFrame":[-4.14550304412839967283833930711e-05,6.34118914604189993274724335137e-05,5.83827495574950019910191734152e-05,0.926378726959229958914932012704,0.364457219839100010627674919306,-0.0948336571455000026942272484121,-0.37659323215485002167568495679,0.896525859832760008139018736983,-0.233279153704640002109371721417,5.36441802978519966043854678289e-07,0.251818537712099999037462794149,0.967774450778959960395297912328],"EasingStyle":"Enum.PoseEasingStyle.Linear"},"Right Leg":{"EasingDirection":"Enum.PoseEasingDirection.In","CFrame":[-2.4497509002686000884659728305e-05,2.95042991638180002330303641767e-05,-8.851289749145499342170527457e-06,0.923882663249970037533387312578,-0.382675439119339988458534662641,0.000352035596733910006658763158782,0.382675409317019987742725106727,0.923882544040680042662927462516,0.000188501522643489999482568908462,-0.000397327559767289974039516931015,-3.94275266444310003820239440842e-05,0.999999880790710005129540149937],"EasingStyle":"Enum.PoseEasingStyle.Linear"},"EasingStyle":"Enum.PoseEasingStyle.Cubic","Left Leg":{"EasingDirection":"Enum.PoseEasingDirection.In","CFrame":[7.2479248046875e-05,7.69495964050289987194025664863e-05,-7.1942806243895996484022381523e-05,0.856951713562010053415463062265,0.419464588165279983478228587046,0.299471557140350008729967612453,-0.410221010446550016226296975219,0.906878471374510053415463062265,-0.0963830947875980031946951953614,-0.312013596296309980715477649937,-0.0402538366615770026868403874687,0.949224531650539993243853587046],"EasingStyle":"Enum.PoseEasingStyle.Linear"}}},"KeyTime":0.400000000000000022204460492503},{"HumanoidRootPart":{"Torso":{"EasingDirection":"Enum.PoseEasingDirection.InOut","Right Arm":{"EasingDirection":"Enum.PoseEasingDirection.In","CFrame":[0.176138401031490005044233271292,-0.047174692153930997129407387547,0.081822276115416994746176726494,-0.87825942039490001445045663786,-0.458622992038730026287396412954,0.135370820760730009579830834809,0.239309683442120002538899825595,-0.176457241177560009148805875157,0.954774022102359953834138650564,-0.413994252681730012799476980945,0.870934903621670031270696199499,0.264728337526320023354031718554],"EasingStyle":"Enum.PoseEasingStyle.Linear"},"CFrame":[0,0,0,0.889565646648409980024041487923,0.423041105270390016546144806853,-0.17236366868019001308276472173,-0.456807374954220024587669968241,0.823810756206510008681220824656,-0.335652947425840009199049518429,6.70552253723140031387467711529e-08,0.377322286367419990060767531759,0.92608201503753995176282387547],"Left Arm":{"EasingDirection":"Enum.PoseEasingDirection.In","CFrame":[-0.378815114498139982046609475219,0.19749018549919000742320918107,0.279584586620329977879606531133,-0.421028286218640024340942318304,0.124384038150310002879272985865,0.898478507995610020664400963142,-0.858085453510279982936026499374,-0.375664383172990001824587125157,-0.35009345412254000429186362453,0.293980300426479990161254818304,-0.918370604515080013463546038111,0.26489755511284002187366581893],"EasingStyle":"Enum.PoseEasingStyle.Linear"},"Head":{"EasingDirection":"Enum.PoseEasingDirection.In","CFrame":[-4.14550304412839967283833930711e-05,6.34118914604189993274724335137e-05,5.83827495574950019910191734152e-05,0.926378726959229958914932012704,0.364457219839100010627674919306,-0.0948336571455000026942272484121,-0.37659323215485002167568495679,0.896525859832760008139018736983,-0.233279153704640002109371721417,5.36441802978519966043854678289e-07,0.251818537712099999037462794149,0.967774450778959960395297912328],"EasingStyle":"Enum.PoseEasingStyle.Linear"},"Right Leg":{"EasingDirection":"Enum.PoseEasingDirection.In","CFrame":[-2.4497509002686000884659728305e-05,2.95042991638180002330303641767e-05,-8.851289749145499342170527457e-06,0.923882663249970037533387312578,-0.382675439119339988458534662641,0.000352035596733910006658763158782,0.382675409317019987742725106727,0.923882544040680042662927462516,0.000188501522643489999482568908462,-0.000397327559767289974039516931015,-3.94275266444310003820239440842e-05,0.999999880790710005129540149937],"EasingStyle":"Enum.PoseEasingStyle.Linear"},"EasingStyle":"Enum.PoseEasingStyle.Cubic","Left Leg":{"EasingDirection":"Enum.PoseEasingDirection.In","CFrame":[7.2479248046875e-05,7.69495964050289987194025664863e-05,-7.1942806243895996484022381523e-05,0.856951713562010053415463062265,0.419464588165279983478228587046,0.299471557140350008729967612453,-0.410221010446550016226296975219,0.906878471374510053415463062265,-0.0963830947875980031946951953614,-0.312013596296309980715477649937,-0.0402538366615770026868403874687,0.949224531650539993243853587046],"EasingStyle":"Enum.PoseEasingStyle.Linear"}}},"KeyTime":1.19999999999999995559107901499},{"HumanoidRootPart":{"Torso":{"Right Arm":[],"Left Arm":[],"Head":[],"Right Leg":[],"Left Leg":[]}},"KeyTime":1.5}]}
