{"Keyframes":[{"HumanoidRootPart":{"Torso":{"EasingDirection":"Enum.PoseEasingDirection.Out","Right Leg":{"EasingDirection":"Enum.PoseEasingDirection.Out","CFrame":[0.4998134672641800224646146944,0.497235089540480013070578024781,0.188709765672679996573180005726,0.838434457778929997928685224906,-0.153310373425480012121724371355,-0.522994697093959959310893736983,0.0928324311971659987818838999374,0.985769271850590045325191113079,-0.140144348144530000999097296699,0.537037909030909976770828961889,0.068950943648815002373630989041,0.840735375881199953340683350689],"EasingStyle":"Enum.PoseEasingStyle.Cubic"},"CFrame":[-0.0445961952209470019470316515253,0.154179811477659994833899759215,-0.445803165435790016424277837359,0.960619270801539970605631424405,-0.271255105733870016671005487296,0.0602602288126950005886506289698,0.277868002653120005351894405976,0.937757730484010010307827087672,-0.208326265215869999014586255726,5.58793544769290021050756186657e-08,0.216866627335550010702291956477,0.976201236248020021157856263017],"Head":{"EasingDirection":"Enum.PoseEasingDirection.Out","CFrame":[7.14883208274840038044329118549e-06,-8.04662704467770049368210982799e-07,1.31130218505860010274710440725e-06,1,2.98302040846470020524366126118e-08,7.33814875530920039573838691482e-09,-2.98023223876950014800896800616e-08,0.97423630952835005292200776239,-0.225529775023459999605535131195,7.45058059692380000085917319706e-09,0.225529760122299999247630353238,0.97423630952835005292200776239],"EasingStyle":"Enum.PoseEasingStyle.Cubic"},"Left Arm":{"EasingDirection":"Enum.PoseEasingDirection.Out","CFrame":[0.129762336611749989900843615942,0.185713291168210004045135974593,0.411910355091089974699514186796,0.29046782851218999610409809975,0.207629799842830004008575883745,-0.934086859226230026287396412954,-0.255824923515319990752203693773,0.957491278648380017557428800501,0.133279696106910011677015859277,0.922053158283229978842143736983,0.200249284505840008385746386921,0.331237435340880015388620449812],"EasingStyle":"Enum.PoseEasingStyle.Cubic"},"Right Arm":{"EasingDirection":"Enum.PoseEasingDirection.Out","CFrame":[-0.0307092405855660006974705567018,0.272411882877350020049078693773,0.288509696722029973514622724906,0.777516067028049984166671038111,-0.270158886909479978299941649311,0.567875981330870027719015524781,0.328325986862180008163392130882,0.944564223289489968138354925031,-0.000169471459230409996930474814114,-0.536349594593049983082266862766,0.186580136418340009063498996511,0.823114216327670011885686562891],"EasingStyle":"Enum.PoseEasingStyle.Cubic"},"EasingStyle":"Enum.PoseEasingStyle.Cubic","Left Leg":{"EasingDirection":"Enum.PoseEasingDirection.Out","CFrame":[-0.886824369430539993786055674718,0.609177470207210025598953961889,0.215337559580800003145029108964,0.988528311252589997337736349436,0.0142097314819689991838291831527,0.150365814566609995450718884058,-6.32893279544079982029680664368e-05,0.995603203773499978446182012704,-0.0936693698167799931875165952988,-0.151035740971569992785461522544,0.0925853475928310049036795703614,0.984182953834530027670268736983],"EasingStyle":"Enum.PoseEasingStyle.Cubic"}}},"KeyTime":0},{"HumanoidRootPart":{"Torso":{"EasingDirection":"Enum.PoseEasingDirection.In","Right Leg":{"EasingDirection":"Enum.PoseEasingDirection.In","CFrame":[-2.71201133728030011903783851046e-06,2.02655792236329988472483959461e-06,-5.27501106262209995865315390051e-06,0.979425370693210006756146412954,0.201806262135510006139327288111,0.000484777730889620023062291931382,-0.201806232333180013416296105788,0.979425311088560013317305674718,-6.49064386379910059467548966161e-05,-0.0004878809850197300050471393984,-3.4238964872201999522192961134e-05,0.999999821186070003697921038111],"EasingStyle":"Enum.PoseEasingStyle.Linear"},"CFrame":[-0.0521938987076280003218897718398,-0.268302440643309991763487687422,0.0262626037001610010412910867217,0.925372242927550048285922912328,-0.376580268144609986435966675344,-0.0432836301624770006246656350868,0.379059582948679973934957843085,0.919319689273830009668131424405,0.105665430426599996072134501901,-1.49011611938480003571348220595e-08,-0.114186927676200006276374665504,0.99345928430556995625266836214],"Head":[],"Left Arm":{"EasingDirection":"Enum.PoseEasingDirection.In","CFrame":[-0.302174538373949974623400294149,0.213520571589469992934695596887,-0.000213327410165220011147718670586,-0.577085852622989947668941113079,0.816682994365690029248128212203,-0.000684444734361020000294739684676,-0.816683232784270018989047912328,-0.577085673809049959359640524781,4.37631570093799992311918434229e-05,-0.000359238183591510001121255291068,0.000584244669880720052766720495896,0.99999952316284002051816059975],"EasingStyle":"Enum.PoseEasingStyle.Linear"},"Right Arm":{"EasingDirection":"Enum.PoseEasingDirection.In","CFrame":[0.0130017865449190000992629734355,-0.149433180689810013452856196636,-3.91507892345540020563252059382e-05,-0.0867351293563839997879938437109,-0.679039061069489968680557012704,0.728960037231449975436703425657,0.996231257915500045818646412954,-0.0591954402625559997219717445205,0.0633947029709820003562370516192,0.000103630132798570001161769793541,0.731711208820340019975958512077,0.681614398956300049370327087672],"EasingStyle":"Enum.PoseEasingStyle.Linear"},"EasingStyle":"Enum.PoseEasingStyle.Linear","Left Leg":{"EasingDirection":"Enum.PoseEasingDirection.In","CFrame":[-1.10693907737730001805687152228,0.562223434448239967053950749687,-0.000779817870352420049531727563874,0.914246320724489969222759100376,-0.405158102512360007718683618805,-0.000684450322296469969990395654236,0.405158221721650002589143468867,0.914246380329129970654378212203,4.43616736447440020694489570818e-05,0.000607802474405619991282279102052,-0.000317908794386309980287141918609,0.999999642372130015388620449812],"EasingStyle":"Enum.PoseEasingStyle.Linear"}}},"KeyTime":0.167000000000000009547918011776},{"HumanoidRootPart":{"Torso":{"EasingDirection":"Enum.PoseEasingDirection.InOut","Right Leg":{"EasingDirection":"Enum.PoseEasingDirection.InOut","CFrame":[-3.30805778503420001629073410321e-06,8.16583633422850037840694942259e-06,-3.90410423278810033706010332311e-06,0.950994670391079988114313437109,0.309206604957580011294737687422,0.000484925432829190006592257056184,-0.309206634759900012010547243335,0.950994551181789993243853587046,-6.49525318294760041406415984611e-05,-0.000481225870316850001980057971451,-8.81666492205110055449882033862e-05,0.999999761581420010259080299875],"EasingStyle":"Enum.PoseEasingStyle.Cubic"},"CFrame":[-0.0536386184394360004956681109434,-0.26477679610251997344150254321,0.0458961986005309990899192484903,0.925372242927550048285922912328,-0.372117251157760009494523956164,-0.0722143426537509985907448140097,0.379059582948679973934957843085,0.908424437046050026189902837359,0.176291853189469993612448206477,2.98023223876950014800896800616e-08,-0.190509140491490008839647884997,0.981685400009160047396505888173],"Head":[],"Left Arm":{"EasingDirection":"Enum.PoseEasingDirection.In","CFrame":[-0.302174538373949974623400294149,0.213520571589469992934695596887,-0.000213327410165220011147718670586,-0.577086031436920054993322537484,0.816683053970340022686968950438,-0.000684446305967869976505379980836,-0.816683292388920012427888650564,-0.577086150646210049863782387547,4.37718408647919986014483695325e-05,-0.000359236728399989983361723089317,0.000584235996939240042995222790267,0.999999761581420010259080299875],"EasingStyle":"Enum.PoseEasingStyle.Cubic"},"Right Arm":{"EasingDirection":"Enum.PoseEasingDirection.In","CFrame":[0.0130017865449190000992629734355,-0.149433180689810013452856196636,-3.91507892345540020563252059382e-05,-0.0867350101470950041182561562891,-0.679039299488069958421476712829,0.728959977626799981997862687422,0.996231377124790040689106263017,-0.059195280075072999326213363247,0.0633947253227230000938163811952,0.000103473663330079995248747537495,0.731711387634280008285259100376,0.681614637374880039111246787797],"EasingStyle":"Enum.PoseEasingStyle.Cubic"},"EasingStyle":"Enum.PoseEasingStyle.Cubic","Left Leg":{"EasingDirection":"Enum.PoseEasingDirection.InOut","CFrame":[-1.10693907737730001805687152228,0.562223434448239967053950749687,-0.000779817870352420049531727563874,0.914246320724489969222759100376,-0.405158191919330001873333912954,-0.000684464524965730037112110473174,0.405158311128619996743793763017,0.914246559143069958963678800501,4.43798780906950007091836540862e-05,0.000607788504567000000163023987199,-0.000317890633596110019996189288705,0.999999761581420010259080299875],"EasingStyle":"Enum.PoseEasingStyle.Cubic"}}},"KeyTime":0.267000000000000015099033134902},{"HumanoidRootPart":{"Torso":{"EasingDirection":"Enum.PoseEasingDirection.In","Right Leg":{"EasingDirection":"Enum.PoseEasingDirection.In","CFrame":[1.04970419406890003166665792378,0.290051430463790005376267799875,-0.000479042064398530018521499274087,0.86340618133544999590611723761,0.504509150981899967547406049562,0.00047180851106531999364021578991,-0.504509210586549960986246787797,0.863406002521510007596816649311,-3.12642005155789985682002196654e-05,-0.000423147284891459997662604974877,-0.000211030230275359995725098505304,0.999999821186070003697921038111],"EasingStyle":"Enum.PoseEasingStyle.Linear"},"CFrame":[0,0,0,0.918467819690700015833328961889,0.394124090671539972774439775094,0.0329090133309360016733435827518,-0.395495653152469983648842344337,0.915282666683200019086541487923,0.0764252841472630034536095422482,-5.58793544769290004507143935597e-09,-0.0832095369696620040800283391036,0.99653208255767999901308940025],"Head":{"EasingDirection":"Enum.PoseEasingDirection.In","CFrame":[-6.6608190536498998026511582371e-06,3.20374965667719993045437464063e-06,2.02655792236329988472483959461e-06,0.999999940395359998568380888173,-4.77229866735479967330595652382e-10,-2.97985014441340007892668933012e-08,-2.98023223876950014800896800616e-08,0.989852726459499954181353587046,0.142097219824790010900272818617,4.65661287307739985731439046664e-08,-0.142097219824790010900272818617,0.989852726459499954181353587046],"EasingStyle":"Enum.PoseEasingStyle.Linear"},"Left Arm":{"EasingDirection":"Enum.PoseEasingDirection.In","CFrame":[-0.300836324691770018446845824656,0.153790980577470010048912740785,0.441122800111770019260148956164,-0.015050188638270000154872896303,0.044116552919149003286758414788,0.998913049697879973365388650564,-0.947314143180850054548614025407,-0.320305734872819991565506825282,-0.000126603554235769997365901318176,0.319952100515369985966884769368,-0.946286380290989992403183350689,0.0466128438711169990060767531759],"EasingStyle":"Enum.PoseEasingStyle.Linear"},"Right Arm":{"EasingDirection":"Enum.PoseEasingDirection.In","CFrame":[0.462362170219419998939969218554,0.00921373441815379924657580801295,0.0602171421051029970294976578771,0.0159042067825789987245421741591,-0.336824446916579978150707574969,0.941432952880860041133814775094,0.962901055812840023229171038111,0.258831620216370017484308618805,0.0763375163078310048359043094024,-0.269385159015660013981374731884,0.905292749404910002120061562891,0.328445285558700006411925187422],"EasingStyle":"Enum.PoseEasingStyle.Linear"},"EasingStyle":"Enum.PoseEasingStyle.Linear","Left Leg":[]}},"KeyTime":0.633000000000000007105427357601},{"HumanoidRootPart":{"Torso":{"EasingDirection":"Enum.PoseEasingDirection.In","Right Leg":{"EasingDirection":"Enum.PoseEasingDirection.In","CFrame":[1.04970419406890003166665792378,0.290051430463790005376267799875,-0.000479042064398530018521499274087,0.86340618133544999590611723761,0.504509150981899967547406049562,0.00047180851106531999364021578991,-0.504509210586549960986246787797,0.863406002521510007596816649311,-3.12642005155789985682002196654e-05,-0.000423147284891459997662604974877,-0.000211030230275359995725098505304,0.999999821186070003697921038111],"EasingStyle":"Enum.PoseEasingStyle.Cubic"},"CFrame":[0,0,0,0.918468058109280005574248662015,0.391295760869980024931891193773,0.0574809759855269969408553265566,-0.395495176315310004167002944087,0.908715724945070024709536937735,0.133489415049550003145029108964,-3.35276126861570015693733855765e-08,-0.14533922076225000430405032148,0.989381909370420031812898287171],"Head":{"EasingDirection":"Enum.PoseEasingDirection.In","CFrame":[-6.6608190536498998026511582371e-06,3.20374965667719993045437464063e-06,2.02655792236329988472483959461e-06,0.999999940395359998568380888173,-4.77229866735479967330595652382e-10,-2.97985014441340007892668933012e-08,-2.98023223876950014800896800616e-08,0.989852726459499954181353587046,0.142097219824790010900272818617,4.65661287307739985731439046664e-08,-0.142097219824790010900272818617,0.989852726459499954181353587046],"EasingStyle":"Enum.PoseEasingStyle.Cubic"},"Left Arm":{"EasingDirection":"Enum.PoseEasingDirection.In","CFrame":[-0.300834417343139981504407387547,0.153791859745980002971421640723,0.441120594739909999137950080694,-0.0179188121110200014596269824096,0.0430310145020479997701734475868,0.998913049697879973365388650564,-0.924201309680940052970754550188,-0.381905257701870004538591274468,-0.000127044113469309996426737097153,0.381484746932980012257274893273,-0.923198997974399970800618575595,0.0466125458478929971528614828458],"EasingStyle":"Enum.PoseEasingStyle.Cubic"},"Right Arm":{"EasingDirection":"Enum.PoseEasingDirection.In","CFrame":[0.462362885475160023673879550188,0.00921411812305449919036082206958,0.0602174103260040005647368843711,-0.0133642246946690003428503956684,-0.336934626102450007767430406602,0.941433191299440030874734475219,0.981718361377719950233711188048,0.174359425902369996608243241099,0.0763385444879530056239147484121,-0.189868971705440009456467009841,0.925242483615880018099630888173,0.328444719314580024782657119431],"EasingStyle":"Enum.PoseEasingStyle.Cubic"},"EasingStyle":"Enum.PoseEasingStyle.Cubic","Left Leg":{"EasingDirection":"Enum.PoseEasingDirection.In","CFrame":[7.0333480834960996792306307801e-06,8.34465026855470020549420881451e-07,1.66893005371090001879208399721e-06,0.992690265178679975832665149937,-0.120688624680040004766290451244,-0.000472559244371949975851987524322,0.120688661932949997668274022544,0.992690145969389980962205299875,0.000126449944218620007399533911041,0.000453823246061800013046588775367,-0.00018255147733726000418459645136,0.999999880790710005129540149937],"EasingStyle":"Enum.PoseEasingStyle.Cubic"}}},"KeyTime":0.699999999999999955591079014994},{"HumanoidRootPart":{"Torso":{"EasingDirection":"Enum.PoseEasingDirection.Out","Right Leg":{"EasingDirection":"Enum.PoseEasingDirection.Out","CFrame":[0.658455193042760011934433350689,0.410000890493390002244922243335,-0.000292328913928940024857805468628,0.957152605056760030777240899624,0.289583802223210007298348500626,0.000264498346950860024028029382492,-0.289583861827850008729967612453,0.957152485847470035906781049562,1.3603437764686999880778955907e-05,-0.000249228382017459976216500194823,-8.96137134986930002046243148861e-05,1],"EasingStyle":"Enum.PoseEasingStyle.Cubic"},"CFrame":[-0.0123834870755669991526648487934,0.0039058735128491999834265957503,-0.489827930927279997508350106727,0.999480485916140026780851712829,-0.0199987106025220004457132461084,0.0252750199288130014685371804717,0.0202060118317600005688472464271,0.999764025211330009668131424405,-0.00797322299331429916458002793433,-0.0251096021384000014919912757705,0.00847978796809909993181797460693,0.999648749828339955314504550188],"Head":{"EasingDirection":"Enum.PoseEasingDirection.Out","CFrame":[-9.04081389307980004207705021502e-06,4.29153442382809958901158237099e-06,3.57627868652339980703384718363e-06,1,-3.48035866792879995910603976243e-09,-3.82073288562879977645115085142e-08,-2.04890966415410004910603803318e-08,0.839411318302149989101224036858,-0.543496668338779964635421038111,3.05444700643420020898039706023e-08,0.543496787548069959505880888173,0.839411318302149989101224036858],"EasingStyle":"Enum.PoseEasingStyle.Cubic"},"Left Arm":{"EasingDirection":"Enum.PoseEasingDirection.Out","CFrame":[0.0588113069534300023089024023193,0.190044760704039999987813303051,0.453918308019640004413730594024,0.4672725498676300048828125,0.353871136903759986314099705851,-0.810204684734340041529776499374,-0.719758749008180043205129550188,0.684435129165649969174012312578,-0.116170115768909995579427629764,0.513423383235929953194442987296,0.637434959411619983526975374843,0.574519813060760053957665149937],"EasingStyle":"Enum.PoseEasingStyle.Cubic"},"Right Arm":{"EasingDirection":"Enum.PoseEasingDirection.Out","CFrame":[0.117777511477469995493372323381,0.162509649991989996165031584496,0.279776871204379995461408725532,0.244452893733979992330063168993,-0.309221625328060023552012580694,0.919034659862519975881411937735,0.755061030387879972280984475219,0.655359447002410000493455299875,0.0196667909622189988894103152006,-0.60837942361831998105969887547,0.689119696617130017557428800501,0.393685698509219972329731263017],"EasingStyle":"Enum.PoseEasingStyle.Cubic"},"EasingStyle":"Enum.PoseEasingStyle.Cubic","Left Leg":{"EasingDirection":"Enum.PoseEasingDirection.Out","CFrame":[-0.543872416019440030332532387547,0.571195125579829987572111349436,0.000270128250122069987239348254349,0.957412242889399967005203961889,-0.205422312021259989567312231884,0.20288753509520998652426726494,0.205446287989620002267798781759,0.978438973426819957879274625157,0.0211766641587020007508890273584,-0.202863305807110011480531852612,0.021407697349787001284138199253,0.978973031044010011392231263017],"EasingStyle":"Enum.PoseEasingStyle.Cubic"}}},"KeyTime":0.900000000000000022204460492503},{"HumanoidRootPart":{"Torso":{"EasingDirection":"Enum.PoseEasingDirection.In","Right Leg":[],"CFrame":[0,0,0,0.850439190864559990679083512077,-0.522018790245060038124336188048,0.0651888251304629934290701953614,0.52607327699660999531516836214,0.843884646892550049912529175344,-0.105382911860939995629671273036,9.3132257461548000455010259545e-09,0.123915858566760003767193154545,0.992292702198030007743057012704],"Head":{"EasingDirection":"Enum.PoseEasingDirection.In","CFrame":[-5.68479299545290034113278684891e-06,-1.16229057312010003508281810042e-06,4.23192977905269964664916257369e-06,1,2.91398194462999990098099254137e-08,-7.47674064882629979260933667309e-08,-2.98023223876950014800896800616e-08,0.936950981616969991172538811952,0.349460899829860005549875268116,5.21540641784670020157919131509e-08,-0.349460870027540004834065712203,0.936951041221619984611379550188],"EasingStyle":"Enum.PoseEasingStyle.Linear"},"Left Arm":{"EasingDirection":"Enum.PoseEasingDirection.In","CFrame":[0.50834941864014004941907387547,0.235361605882639990383609074343,0.46991798281669999726162245679,0.0981896892189979969556290484434,-0.0991994366049770009974295703614,-0.990211308002470036448983137234,0.461004674434659977855233137234,0.886351227760309945402639186796,-0.0430814214050770014075020242217,0.881948590278630040195650963142,-0.452261865139010010850029175344,0.132761999964709997978928868179],"EasingStyle":"Enum.PoseEasingStyle.Linear"},"Right Arm":{"EasingDirection":"Enum.PoseEasingDirection.In","CFrame":[-0.196859315037729992736714734747,0.509892344474790037978095824656,0.34865182638168001894030112453,0.48169022798538002616552944346,0.0987636521458629956793373594337,0.870758652687069978348688437109,-0.200855359435080010888086121668,0.979620754718779962466612687422,-1.00715749340450009284618580058e-06,-0.853013336658480003649174250313,-0.174896031618120006978500668993,0.49171096086501997479700776239],"EasingStyle":"Enum.PoseEasingStyle.Linear"},"EasingStyle":"Enum.PoseEasingStyle.Linear","Left Leg":{"EasingDirection":"Enum.PoseEasingDirection.In","CFrame":[-1.16282856464390005335474143067,0.703357100486760034030453425657,0.0006022888701409100402003882202,0.972590088844299982540064775094,-0.232526227831839987780782053051,0.000521319336257869978337731176055,0.232526332139970010048912740785,0.972589850425719992799145074969,-6.14700038568119977097636841279e-05,-0.000492797291371969959326848620407,0.000180989489308560003643852609478,0.999999880790710005129540149937],"EasingStyle":"Enum.PoseEasingStyle.Linear"}}},"KeyTime":1.06699999999999994848565165739},{"HumanoidRootPart":{"Torso":{"EasingDirection":"Enum.PoseEasingDirection.In","Right Leg":{"EasingDirection":"Enum.PoseEasingDirection.In","CFrame":[-3.27825546264650025686776101813e-07,-8.94069671630860010274710440725e-07,-4.76837158203129976318565119014e-07,0.995489895343779962466612687422,0.0948683917522430003588240765566,-1.94864242075709996655520075612e-07,-0.0948683917522430003588240765566,0.99548959732055997129407387547,1.11990194895379994309037740728e-08,1.05256681592889997380601294161e-07,4.80067319230670033177483938588e-09,1],"EasingStyle":"Enum.PoseEasingStyle.Cubic"},"CFrame":[0,0,0,0.850439190864559990679083512077,-0.525711119174960050948186562891,0.0195215195417400011468345155663,0.526073336601259988754009100376,0.849853456020359998568380888173,-0.0315581001341340011689950983964,9.3132257461548000455010259545e-09,0.0371080003678799993926951117373,0.999311268329620028261217612453],"Head":{"EasingDirection":"Enum.PoseEasingDirection.In","CFrame":[-1.37165188789369996651525476783e-05,2.02655792236329988472483959461e-06,6.3478946685790998684341054914e-06,1,6.16650623896929953774261653349e-08,-2.22957780238179999973916075272e-07,-2.98023223876950014800896800616e-08,0.883574485778810037039932012704,0.46829056739807001230602168107,2.30967998504639995363980084844e-07,-0.468290537595750011590212125157,0.88357454538345003847155112453],"EasingStyle":"Enum.PoseEasingStyle.Cubic"},"Left Arm":{"EasingDirection":"Enum.PoseEasingDirection.In","CFrame":[0.50835055112839000468483163786,0.235360652208329995671576284622,0.469914078712459992726024893273,0.092782355844975003544838898506,-0.104273922741409993952821366747,-0.99021136760712002988782387547,0.507427096366879992750398287171,0.8606169223785400390625,-0.043081402778625002558676726494,0.856684863567349963453523287171,-0.498462796211240011245990899624,0.1327616423368500053747709444],"EasingStyle":"Enum.PoseEasingStyle.Cubic"},"Right Arm":{"EasingDirection":"Enum.PoseEasingDirection.In","CFrame":[-0.196859776973720007609003346261,0.509890377521510007596816649311,0.348651587963099973688230193147,0.474999994039540018864187231884,0.127099186182020013058391327831,0.870758652687069978348688437109,-0.258481830358510022982443388173,0.966015696525569955710466274468,-1.09126278857729990533784267953e-06,-0.841167151927949996448319325282,-0.2250748723745299995080415556,0.4917103946208999931677396944],"EasingStyle":"Enum.PoseEasingStyle.Cubic"},"EasingStyle":"Enum.PoseEasingStyle.Cubic","Left Leg":{"EasingDirection":"Enum.PoseEasingDirection.In","CFrame":[-1.16282856464390005335474143067,0.703357100486760034030453425657,0.0006022888701409100402003882202,0.972590088844299982540064775094,-0.232526227831839987780782053051,0.000521319336257869978337731176055,0.232526332139970010048912740785,0.972589850425719992799145074969,-6.14700038568119977097636841279e-05,-0.000492797291371969959326848620407,0.000180989489308560003643852609478,0.999999880790710005129540149937],"EasingStyle":"Enum.PoseEasingStyle.Cubic"}}},"KeyTime":1.1330000000000000071054273576},{"HumanoidRootPart":{"Torso":{"EasingDirection":"Enum.PoseEasingDirection.Out","Right Leg":{"EasingDirection":"Enum.PoseEasingDirection.Out","CFrame":[0.658455193042760011934433350689,0.410000890493390002244922243335,-0.000292328913928940024857805468628,0.957152605056760030777240899624,0.289583802223210007298348500626,0.000264498346950860024028029382492,-0.289583861827850008729967612453,0.957152485847470035906781049562,1.3603437764686999880778955907e-05,-0.000249228382017459976216500194823,-8.96137134986930002046243148861e-05,1],"EasingStyle":"Enum.PoseEasingStyle.Cubic"},"CFrame":[-0.0123834870755669991526648487934,0.0039058735128491999834265957503,-0.489827930927279997508350106727,0.999480485916140026780851712829,-0.0199987106025220004457132461084,0.0252750199288130014685371804717,0.0202060118317600005688472464271,0.999764025211330009668131424405,-0.00797322299331429916458002793433,-0.0251096021384000014919912757705,0.00847978796809909993181797460693,0.999648749828339955314504550188],"Head":{"EasingDirection":"Enum.PoseEasingDirection.Out","CFrame":[-9.04081389307980004207705021502e-06,4.29153442382809958901158237099e-06,3.57627868652339980703384718363e-06,1,-3.48035866792879995910603976243e-09,-3.82073288562879977645115085142e-08,-2.04890966415410004910603803318e-08,0.839411318302149989101224036858,-0.543496668338779964635421038111,3.05444700643420020898039706023e-08,0.543496787548069959505880888173,0.839411318302149989101224036858],"EasingStyle":"Enum.PoseEasingStyle.Cubic"},"Left Arm":{"EasingDirection":"Enum.PoseEasingDirection.Out","CFrame":[0.0588113069534300023089024023193,0.190044760704039999987813303051,0.453918308019640004413730594024,0.4672725498676300048828125,0.353871136903759986314099705851,-0.810204684734340041529776499374,-0.719758749008180043205129550188,0.684435129165649969174012312578,-0.116170115768909995579427629764,0.513423383235929953194442987296,0.637434959411619983526975374843,0.574519813060760053957665149937],"EasingStyle":"Enum.PoseEasingStyle.Cubic"},"Right Arm":{"EasingDirection":"Enum.PoseEasingDirection.Out","CFrame":[0.117777511477469995493372323381,0.162509649991989996165031584496,0.279776871204379995461408725532,0.244452893733979992330063168993,-0.309221625328060023552012580694,0.919034659862519975881411937735,0.755061030387879972280984475219,0.655359447002410000493455299875,0.0196667909622189988894103152006,-0.60837942361831998105969887547,0.689119696617130017557428800501,0.393685698509219972329731263017],"EasingStyle":"Enum.PoseEasingStyle.Cubic"},"EasingStyle":"Enum.PoseEasingStyle.Cubic","Left Leg":{"EasingDirection":"Enum.PoseEasingDirection.Out","CFrame":[-0.543872416019440030332532387547,0.571195125579829987572111349436,0.000270128250122069987239348254349,0.957412242889399967005203961889,-0.205422312021259989567312231884,0.20288753509520998652426726494,0.205446287989620002267798781759,0.978438973426819957879274625157,0.0211766641587020007508890273584,-0.202863305807110011480531852612,0.021407697349787001284138199253,0.978973031044010011392231263017],"EasingStyle":"Enum.PoseEasingStyle.Cubic"}}},"KeyTime":1.33299999999999996269650637259},{"HumanoidRootPart":{"Torso":{"EasingDirection":"Enum.PoseEasingDirection.Out","Right Leg":{"EasingDirection":"Enum.PoseEasingDirection.Out","CFrame":[1.04970419406890003166665792378,0.290051430463790005376267799875,-0.000479042064398530018521499274087,0.86340618133544999590611723761,0.504509150981899967547406049562,0.00047180851106531999364021578991,-0.504509210586549960986246787797,0.863406002521510007596816649311,-3.12642005155789985682002196654e-05,-0.000423147284891459997662604974877,-0.000211030230275359995725098505304,0.999999821186070003697921038111],"EasingStyle":"Enum.PoseEasingStyle.Cubic"},"CFrame":[0,0,0,0.918467819690700015833328961889,0.394124090671539972774439775094,0.0329090133309360016733435827518,-0.395495653152469983648842344337,0.915282666683200019086541487923,0.0764252841472630034536095422482,-5.58793544769290004507143935597e-09,-0.0832095369696620040800283391036,0.99653208255767999901308940025],"Head":{"EasingDirection":"Enum.PoseEasingDirection.Out","CFrame":[-6.6608190536498998026511582371e-06,3.20374965667719993045437464063e-06,2.02655792236329988472483959461e-06,0.999999940395359998568380888173,-4.77229866735479967330595652382e-10,-2.97985014441340007892668933012e-08,-2.98023223876950014800896800616e-08,0.989852726459499954181353587046,0.142097219824790010900272818617,4.65661287307739985731439046664e-08,-0.142097219824790010900272818617,0.989852726459499954181353587046],"EasingStyle":"Enum.PoseEasingStyle.Cubic"},"Left Arm":{"EasingDirection":"Enum.PoseEasingDirection.Out","CFrame":[-0.643004119396210049863782387547,-0.489792644977570024167334850063,-0.572971820831300049370327087672,-0.191020712256429997522033659152,0.202756732702259995226867772544,-0.96041691303252996192441059975,-0.919418811798100032994796038111,-0.379627615213390001702720155663,0.102721907198429995844435325125,-0.343773186206820013932627944087,0.902647316455839954230100374843,0.258935064077379983871196600376],"EasingStyle":"Enum.PoseEasingStyle.Cubic"},"Right Arm":{"EasingDirection":"Enum.PoseEasingDirection.Out","CFrame":[0.564643442630770042711674250313,0.148893296718599993377907253489,-0.265406608581540026658984743335,-0.210490316152569995056254015253,-0.263435095548629982786792425031,0.941432833671570046263354925031,0.894002437591549958817438437109,-0.441510230302810002811497724906,0.0763406530022620044562131624843,0.39554151892661998379807641868,0.857712268829350032994796038111,0.328445315361020007127734743335],"EasingStyle":"Enum.PoseEasingStyle.Cubic"},"EasingStyle":"Enum.PoseEasingStyle.Cubic","Left Leg":[]}},"KeyTime":1.5},{"HumanoidRootPart":{"Torso":{"EasingDirection":"Enum.PoseEasingDirection.In","Right Leg":{"EasingDirection":"Enum.PoseEasingDirection.In","CFrame":[1.04970419406890003166665792378,0.290051430463790005376267799875,-0.000479042064398530018521499274087,0.86340618133544999590611723761,0.504509150981899967547406049562,0.00047180851106531999364021578991,-0.504509210586549960986246787797,0.863406002521510007596816649311,-3.12642005155789985682002196654e-05,-0.000423147284891459997662604974877,-0.000211030230275359995725098505304,0.999999821186070003697921038111],"EasingStyle":"Enum.PoseEasingStyle.Cubic"},"CFrame":[0,0,0,0.918468058109280005574248662015,0.387047439813610005820976311952,0.0813061371445659986090248594337,-0.395495146512990003451193388173,0.898849785327910044685495449812,0.18881908059120000586972309975,-4.09781932830810017479407966062e-08,-0.205580502748489990505476043836,0.978640198707580011294737687422],"Head":{"EasingDirection":"Enum.PoseEasingDirection.In","CFrame":[-6.64591789245609958024620447792e-06,9.23871994018550028818790101348e-07,2.86102294921879997494388800372e-06,1,-3.04135774342740015561780244149e-08,-5.92950790689879992443857758752e-08,2.98023223876950014800896800616e-08,0.998231172561649948704598500626,0.0594514496624470034635834281289,2.98023223876950014800896800616e-08,-0.0594514198601249974074356430265,0.998231172561649948704598500626],"EasingStyle":"Enum.PoseEasingStyle.Cubic"},"Left Arm":{"EasingDirection":"Enum.PoseEasingDirection.In","CFrame":[-0.66728389263152998456263276239,-0.47986185550690002576956771918,-0.66697424650192005390891836214,-0.215049996972079993096116368179,0.177062287926670003379570061952,-0.96041780710220003847155112453,-0.864242792129520043253876337985,-0.492475479841230023847487018429,0.102722413837910003797659896918,-0.454794168472289983551348768742,0.85212463140488003965344887547,0.25893157720566001289697055654],"EasingStyle":"Enum.PoseEasingStyle.Cubic"},"Right Arm":{"EasingDirection":"Enum.PoseEasingDirection.In","CFrame":[0.564649224281310035955527837359,0.148896694183349997953058618805,-0.26540693640709001055455473761,-0.222778439521789994870459850063,-0.253127962350849999850765925657,0.941432952880860041133814775094,0.871996700763699950087470824656,-0.483521908521650001233638249687,0.0763401165604589981850125468554,0.435879737138750000813303131508,0.837933421134949951714077087672,0.328445047140120016671005487296],"EasingStyle":"Enum.PoseEasingStyle.Cubic"},"EasingStyle":"Enum.PoseEasingStyle.Cubic","Left Leg":{"EasingDirection":"Enum.PoseEasingDirection.In","CFrame":[-2.42888927459720015600199566341e-06,3.45706939697269987219678359647e-06,-2.92062759399409996741853179358e-06,0.974423646926879993834802462516,-0.224718585610389987028412406289,-0.000419093150412660022698096984328,0.224718540906910013710273688048,0.974423468112949997532723500626,-0.000112267291115129995882244984262,0.000433602806879209985539691540879,1.52185675688090006976455753618e-05,0.999999880790710005129540149937],"EasingStyle":"Enum.PoseEasingStyle.Cubic"}}},"KeyTime":1.60000000000000008881784197001},{"HumanoidRootPart":{"Torso":{"EasingDirection":"Enum.PoseEasingDirection.InOut","Right Leg":{"EasingDirection":"Enum.PoseEasingDirection.InOut","CFrame":[0.4998134672641800224646146944,0.497235089540480013070578024781,0.188709765672679996573180005726,0.838434457778929997928685224906,-0.153310373425480012121724371355,-0.522994697093959959310893736983,0.0928324311971659987818838999374,0.985769271850590045325191113079,-0.140144348144530000999097296699,0.537037909030909976770828961889,0.068950943648815002373630989041,0.840735375881199953340683350689],"EasingStyle":"Enum.PoseEasingStyle.Cubic"},"CFrame":[-0.0445961952209470019470316515253,0.154179811477659994833899759215,-0.445803165435790016424277837359,0.960619270801539970605631424405,-0.271255105733870016671005487296,0.0602602288126950005886506289698,0.277868002653120005351894405976,0.937757730484010010307827087672,-0.208326265215869999014586255726,5.58793544769290021050756186657e-08,0.216866627335550010702291956477,0.976201236248020021157856263017],"Head":{"EasingDirection":"Enum.PoseEasingDirection.InOut","CFrame":[7.14883208274840038044329118549e-06,-8.04662704467770049368210982799e-07,1.31130218505860010274710440725e-06,1,2.98302040846470020524366126118e-08,7.33814875530920039573838691482e-09,-2.98023223876950014800896800616e-08,0.97423630952835005292200776239,-0.225529775023459999605535131195,7.45058059692380000085917319706e-09,0.225529760122299999247630353238,0.97423630952835005292200776239],"EasingStyle":"Enum.PoseEasingStyle.Cubic"},"Left Arm":{"EasingDirection":"Enum.PoseEasingDirection.InOut","CFrame":[0.129762336611749989900843615942,0.185713291168210004045135974593,0.411910355091089974699514186796,0.29046782851218999610409809975,0.207629799842830004008575883745,-0.934086859226230026287396412954,-0.255824923515319990752203693773,0.957491278648380017557428800501,0.133279696106910011677015859277,0.922053158283229978842143736983,0.200249284505840008385746386921,0.331237435340880015388620449812],"EasingStyle":"Enum.PoseEasingStyle.Cubic"},"Right Arm":{"EasingDirection":"Enum.PoseEasingDirection.InOut","CFrame":[-0.0307092405855660006974705567018,0.272411882877350020049078693773,0.288509696722029973514622724906,0.777516067028049984166671038111,-0.270158886909479978299941649311,0.567875981330870027719015524781,0.328325986862180008163392130882,0.944564223289489968138354925031,-0.000169471459230409996930474814114,-0.536349594593049983082266862766,0.186580136418340009063498996511,0.823114216327670011885686562891],"EasingStyle":"Enum.PoseEasingStyle.Cubic"},"EasingStyle":"Enum.PoseEasingStyle.Cubic","Left Leg":{"EasingDirection":"Enum.PoseEasingDirection.InOut","CFrame":[-0.886824369430539993786055674718,0.609177470207210025598953961889,0.215337559580800003145029108964,0.988528311252589997337736349436,0.0142097314819689991838291831527,0.150365814566609995450718884058,-6.32893279544079982029680664368e-05,0.995603203773499978446182012704,-0.0936693698167799931875165952988,-0.151035740971569992785461522544,0.0925853475928310049036795703614,0.984182953834530027670268736983],"EasingStyle":"Enum.PoseEasingStyle.Cubic"}}},"KeyTime":1.8669999999999999928945726424},{"HumanoidRootPart":{"Torso":{"Left Arm":{"EasingDirection":"Enum.PoseEasingDirection.In","CFrame":[-0.244794517755510004919372590848,0.218897938728329993773868977769,-0.083324849605559997423043228082,-0.444422483444209981406913811952,0.875445961952210027767762312578,0.189954206347470011539968481884,-0.894670903682709961479702087672,-0.423036903142930020838008431383,-0.143538683652880000307661134684,-0.0453027822077270020395545202518,-0.233738303184509998988716006352,0.971243441104890026238649625157],"EasingStyle":"Enum.PoseEasingStyle.Cubic"},"Right Arm":{"EasingDirection":"Enum.PoseEasingDirection.In","CFrame":[0.429543316364289995412661937735,-0.0779756680130959944907687031446,-0.0432944856584070031368938202831,-0.108812943100929995776660064166,-0.993638813495639983131013650564,0.0290097538381809995355897768832,0.993778586387629947473953961889,-0.109432511031630000375436395643,-0.0206966083496810011876920754048,0.0237395707517859995416831253578,0.0265772622078659995215055289464,0.999364852905269995808623662015],"EasingStyle":"Enum.PoseEasingStyle.Cubic"}}},"KeyTime":0.366999999999999992894572642399},{"HumanoidRootPart":{"Torso":{"EasingDirection":"Enum.PoseEasingDirection.In","Right Leg":{"EasingDirection":"Enum.PoseEasingDirection.In","CFrame":[0.735552489757539951220621787797,0.255251258611680020838008431383,-0.000343078194418920006704409875198,0.927552998065950040640359475219,0.373691499233250012945717344337,0.000480081449495629994025924780487,-0.373691439628600019506876606101,0.927552938461300047201518736983,-5.45825241715649990721648254777e-05,-0.000465675198938700015977715240822,-0.000128764644614419990946777017093,0.999999880790710005129540149937],"EasingStyle":"Enum.PoseEasingStyle.Linear"},"CFrame":[-0.020121894776821001166178248809,-0.263282567262649980222022350063,-0.502087950706480046214608137234,0.990947842597959982491317987296,-0.130786225199700012478132293836,-0.0302869379520420006768333109903,0.13391147553921001200905038786,0.978932499885559970209669700125,0.154139280319210009162489427581,0.0094895735383033995302692886753,-0.156799763441090006521605459966,0.987584829330440006067703961889],"Left Arm":{"EasingDirection":"Enum.PoseEasingDirection.Out","CFrame":[0.154403343796730013748330634371,0.153542548418050012193347697576,-0.141093000769620002810000869431,0.0185542274266480011757352031054,0.752519130706789995954864025407,-0.658308923244479982095356263017,-0.996578097343440050259744111827,-0.0391231738030910006220786101494,-0.0728102773427960064944741702675,-0.0805462524294850018558022952675,0.657407224178309990136881424405,0.74921828508376997479700776239],"EasingStyle":"Enum.PoseEasingStyle.Cubic"},"Right Arm":{"EasingDirection":"Enum.PoseEasingDirection.Out","CFrame":[0.13821019232272999111010847173,-0.0554353073239330015886672242686,0.016192961484193999638359073856,-0.170354947447779986324789547325,-0.579915642738339953687898287171,0.79666602611542003398170663786,0.980510532855989991318779175344,-0.18005882203578998934645483132,0.0785973817110059980173275562265,0.0978669747710230047976764922169,0.794528901576999957434566113079,0.59928739070892000917467612453],"EasingStyle":"Enum.PoseEasingStyle.Cubic"},"EasingStyle":"Enum.PoseEasingStyle.Linear"}},"KeyTime":0.467000000000000026201263381154}]}
