{"Keyframes":[{"HumanoidRootPart":{"Torso":{"EasingDirection":"Enum.PoseEasingDirection.In","Right Leg":{"EasingDirection":"Enum.PoseEasingDirection.In","CFrame":[0.660200655460359997483976712829,0.670589685440060034871123662015,-0.0261362195014950005056419968241,0.757215559482570021998526499374,0.595446050167079965476091274468,-0.268456459045409989716546306227,-0.433679282665250021011615899624,0.765673339366909955217010974593,0.475043863058089987916332574969,0.488412827253340009470150562265,-0.243286490440370012366955165817,0.838012158870700019086541487923],"EasingStyle":"Enum.PoseEasingStyle.Linear"},"CFrame":[0.000203342176973820003716558746376,0.000101119279861450005577119815037,-0.656825542449949950629672912328,0.977203726768489988607768736983,0.0417582988739009994261230929169,-0.208156108856200006140824143586,0.0352535545825959986676600976807,0.934936821460719991172538811952,0.35305887460709001191005995679,0.209355950355530007200854925031,-0.352348625659940017929017130882,0.912151575088499977361777837359],"Left Arm":{"EasingDirection":"Enum.PoseEasingDirection.InOut","CFrame":[5.96046447753909955769144237564e-08,-5.96046447753909955769144237564e-08,-1.49011611938480003571348220595e-07,-0.0258135162293910008779462827988,0.402803629636759974452786536858,-0.914922356605530007200854925031,-0.689200222492220015979569325282,0.655776202678679975832665149937,0.308156907558439996375199143586,0.724110901355739966511748662015,0.638519406318659998866849036858,0.26068449020385997538795663786],"EasingStyle":"Enum.PoseEasingStyle.Linear"},"Head":{"EasingDirection":"Enum.PoseEasingDirection.InOut","CFrame":[-1.49011611938480003571348220595e-08,0,5.96046447753909955769144237564e-08,0.952028036117550047201518736983,0,-0.306010812520980002293669031133,0.0509224608540529977140920436796,0.986057102680209962564106263017,0.158424496650699991873167959966,0.301744133234019995537522618179,-0.16640739142895000224342538786,0.938754022121429998470887312578],"EasingStyle":"Enum.PoseEasingStyle.Linear"},"Right Arm":{"EasingDirection":"Enum.PoseEasingDirection.InOut","CFrame":[-2.98023223876950014800896800616e-08,2.38418579101560011840717440493e-07,5.96046447753909955769144237564e-08,-0.218724906444550004636084850063,-0.286060363054280009098562231884,-0.932914197444919990331868575595,0.849275052547449949003066649311,0.414991468191150014721557681696,-0.326364636421200005056419968241,0.480511426925660012354768468867,-0.863684892654419944513222162641,0.152174934744829987165459783682],"EasingStyle":"Enum.PoseEasingStyle.Linear"},"EasingStyle":"Enum.PoseEasingStyle.Linear","Left Leg":{"EasingDirection":"Enum.PoseEasingDirection.In","CFrame":[-0.393175899982450005598622055913,0.343651771545409989716546306227,0.0643801689147950051417268468867,0.765969157218929996844281049562,-0.563487350940700015833328961889,0.309472858905790015882075749687,0.459250628948210004587338062265,0.816471099853519954869796038111,0.349947988986969993341347162641,-0.449866801500319990481102649937,-0.125923722982410002391162606727,0.884173512458800048285922912328],"EasingStyle":"Enum.PoseEasingStyle.Linear"}}},"KeyTime":0},{"HumanoidRootPart":{"Torso":{"EasingDirection":"Enum.PoseEasingDirection.In","CFrame":[0.000201904214918609991495992983523,0.00010003149509429999403260780344,-0.65559655427932994609108163786,0.977396368980410046312101712829,0.0418972335755829969339281149132,-0.207222089171409995511652368805,0.0345832742750639965390035968085,0.935279130935669944513222162641,0.35221716761589000332932641868,0.208567425608630008238009168053,-0.351422220468520007941037874843,0.912689447402949993737308886921],"Right Leg":{"EasingDirection":"Enum.PoseEasingDirection.In","CFrame":[0.659757435321809970751871787797,0.669539093971249998915595824656,-0.0259165018796920013088858070205,0.75719505548476995215878559975,0.594876408576969994967953425657,-0.269773602485660013439172644212,-0.432963728904720013268558886921,0.766340672969820002613516862766,0.474620342254640004142629550188,0.489078879356380002985105193147,-0.242577984929080003873025361827,0.837829232215880015388620449812],"EasingStyle":"Enum.PoseEasingStyle.Linear"},"EasingStyle":"Enum.PoseEasingStyle.Linear","Left Leg":{"EasingDirection":"Enum.PoseEasingDirection.In","CFrame":[-0.3938108682632400214806978056,0.343275725841519996350825749687,0.0647512376308440051886350374843,0.766493260860440006609906049562,-0.562774062156680021651311562891,0.30947279930115001445045663786,0.458490401506420008903575080694,0.816898345947269954869796038111,0.349947988986969993341347162641,-0.449749469757080022613848768742,-0.126342475414280008827461188048,0.884173572063450041724763650564],"EasingStyle":"Enum.PoseEasingStyle.Linear"}}},"KeyTime":0.0170000000000000012212453270877},{"HumanoidRootPart":{"Torso":{"EasingDirection":"Enum.PoseEasingDirection.In","CFrame":[0.000197678804397579999151471352725,9.66936349868769941728538497294e-05,-0.651939690113069958421476712829,0.977963507175449997532723500626,0.0423160456120970016047344586241,-0.204442545771600009407720222043,0.0325930826365950013223660164385,0.936291992664340044782989025407,0.349707096815109974574653506352,0.206216141581540002292172175657,-0.348664194345470024316568924405,0.914280176162719948607104925031],"Right Leg":{"EasingDirection":"Enum.PoseEasingDirection.In","CFrame":[0.658432424068450039555955299875,0.666404604911799980371256424405,-0.0252691209316249984495605929169,0.757126152515410044685495449812,0.593173205852509988211807012704,-0.27368879318236999376168228082,-0.430835545063020020073452087672,0.768321990966799983624468950438,0.473351985216140025425346493648,0.49106079339981001385950776239,-0.240472346544269993673381691224,0.83727675676346002830996440025],"EasingStyle":"Enum.PoseEasingStyle.Linear"},"EasingStyle":"Enum.PoseEasingStyle.Linear","Left Leg":{"EasingDirection":"Enum.PoseEasingDirection.In","CFrame":[-0.395697176456449972725692987296,0.342152953147890015461740631508,0.0658559352159499983292434421855,0.768049180507660023131677462516,-0.560648739337920032355100374843,0.30947279930115001445045663786,0.456225901842119974105571600376,0.818165242671969994425751337985,0.349947959184649992625537606727,-0.449397802352909991885354656915,-0.12758773565292000351512058387,0.88417363166809004315638276239],"EasingStyle":"Enum.PoseEasingStyle.Linear"}}},"KeyTime":0.0330000000000000015543122344752},{"HumanoidRootPart":{"Torso":{"EasingDirection":"Enum.PoseEasingDirection.In","CFrame":[0.000190712511539459987457145739853,9.12994146347049964195646820642e-05,-0.645944952964780050308490899624,0.978874444961549960986246787797,0.0430206358432769983557442117217,-0.199885234236719999678655312891,0.0293445363640790005121949945988,0.937932670116420008632474036858,0.345573723316190017929017130882,0.202345684170719991579190377706,-0.344138801097869984069177462516,0.916855871677400013908254550188],"Right Leg":{"EasingDirection":"Enum.PoseEasingDirection.In","CFrame":[0.656239748001099965080129550188,0.661239564418789949051813437109,-0.0242295861244199994821713062265,0.756986439228059970751871787797,0.590354502201079989198717612453,-0.280094832181929986880675187422,-0.427349418401720027027579362766,0.77155601978302001953125,0.471247047185899992083335519055,0.494311660528179985796271012077,-0.237029284238819998309466541286,0.836345136165620006707399625157],"EasingStyle":"Enum.PoseEasingStyle.Linear"},"EasingStyle":"Enum.PoseEasingStyle.Linear","Left Leg":{"EasingDirection":"Enum.PoseEasingDirection.In","CFrame":[-0.398780047893520006585532655663,0.340298950672149991270032387547,0.0676687657833100059123765390723,0.770587146282200041724763650564,-0.55715525150298994550013276239,0.30947279930115001445045663786,0.452505916357040016695378881195,0.820228517055510031319442987296,0.349947929382319999902506424405,-0.448813796043399992896638650564,-0.129627093672749993391590805913,0.88417363166809004315638276239],"EasingStyle":"Enum.PoseEasingStyle.Linear"}}},"KeyTime":0.0500000000000000027755575615629},{"HumanoidRootPart":{"Torso":{"EasingDirection":"Enum.PoseEasingDirection.In","CFrame":[0.000181195326149459994382120986423,8.39531421661379934680974335137e-05,-0.637760102748869961430955299875,0.980080485343929996844281049562,0.0440186858177189985208421774132,-0.193661078810690001628103118492,0.0249372702091930006917941398115,0.940133571624759967200191113079,0.339892715215679985796271012077,0.197028920054440004339113556853,-0.337951570749280005845349705851,0.920308828353879948558358137234],"Right Leg":{"EasingDirection":"Enum.PoseEasingDirection.In","CFrame":[0.653205573558810037582134100376,0.654133677482599984465139186796,-0.0228537619113920002777984308295,0.756741821765899991270032387547,0.586452960968020020615654175344,-0.288816422224040025845681611827,-0.4225953817367599785193021944,0.775943636894229959999336188048,0.468321263790130004611711456164,0.498753577470779974056824812578,-0.232345819473269987742725106727,0.835021197795870029345621787797],"EasingStyle":"Enum.PoseEasingStyle.Linear"},"EasingStyle":"Enum.PoseEasingStyle.Linear","Left Leg":{"EasingDirection":"Enum.PoseEasingDirection.In","CFrame":[-0.402970612049100007645563437109,0.337740302085880017557428800501,0.0701479762792590055830999062891,0.774026870727539950678419700125,-0.552366733551030053561703425657,0.309472858905790015882075749687,0.447411596775049991148165418053,0.823018372058869962515359475219,0.349948048591609994772966274468,-0.44800150394440002576956771918,-0.132407486438749999457797912328,0.884173572063450041724763650564],"EasingStyle":"Enum.PoseEasingStyle.Linear"}}},"KeyTime":0.0670000000000000039968028886506},{"HumanoidRootPart":{"Torso":{"EasingDirection":"Enum.PoseEasingDirection.In","CFrame":[0.00016939733177423000123895668878,7.48038291931150039820383468303e-05,-0.627586543560029963551016862766,0.981518805027010055042069325282,0.0453171245753770032815843649132,-0.185922592878340009470150562265,0.0195050351321700010664983437891,0.94280564785003995176282387547,0.332771867513660002391162606727,0.190369129180910007237415015879,-0.330248266458510020271432949812,0.924497544765469969618720824656],"Right Leg":{"EasingDirection":"Enum.PoseEasingDirection.In","CFrame":[0.649369597435000001084404175344,0.645213842391969993883549250313,-0.0212140828371049985912044633096,0.75635099411010997538795663786,0.58151841163634998554954336214,-0.299615740776060013317305674718,-0.416695863008499978175080968867,0.781351447105410046312101712829,0.464601516723629981431287205851,0.504279494285580054402373662015,-0.226553201675420007310535197576,0.833292245864870051441641862766],"EasingStyle":"Enum.PoseEasingStyle.Linear"},"EasingStyle":"Enum.PoseEasingStyle.Linear","Left Leg":{"EasingDirection":"Enum.PoseEasingDirection.In","CFrame":[-0.408148914575580001873333912954,0.334516286849980026829598500626,0.0732364803552630061478367906602,0.778261244297030030381279175344,-0.546384394168849985007341274468,0.30947279930115001445045663786,0.441054791212080021800545637234,0.82644236087798994550013276239,0.349947988986969993341347162641,-0.446967542171479992330063168993,-0.135856494307520003772538075282,0.88417363166809004315638276239],"EasingStyle":"Enum.PoseEasingStyle.Linear"}}},"KeyTime":0.0830000000000000043298697960381},{"HumanoidRootPart":{"Torso":{"EasingDirection":"Enum.PoseEasingDirection.In","CFrame":[0.000155570916831489989553757857799,6.40898942947389999242116531697e-05,-0.615674912929530027128066649311,0.983116984367370050357237687422,0.0469187349081039983822449812578,-0.176860466599460003367383365003,0.0132102426141500004647122423762,0.945844292640690031959138650564,0.324351876974109998297279844337,0.182500645518300003145029108964,-0.321212202310560024365315712203,0.929255723953249956892364025407],"Right Leg":{"EasingDirection":"Enum.PoseEasingDirection.In","CFrame":[0.644789397716519996350825749687,0.634646475315089997337736349436,-0.0193945169448850006366225073862,0.755771517753599963995725374843,0.575621843338010030777240899624,-0.312200099229810013046204630882,-0.409803032875059980444376606101,0.787617862224579967644899625157,0.460129976272580010210333512077,0.510755240917210029394368575595,-0.219812631607059993932296038111,0.831150710582730045672406049562],"EasingStyle":"Enum.PoseEasingStyle.Linear"},"EasingStyle":"Enum.PoseEasingStyle.Linear","Left Leg":{"EasingDirection":"Enum.PoseEasingDirection.In","CFrame":[-0.41417044401169000877871440025,0.330679237842559980986578693773,0.0768626928329469993883549250313,0.783160686492920032897302462516,-0.539338529109949949003066649311,0.309472858905790015882075749687,0.433578342199330002415536000626,0.830389261245729981553154175344,0.349948018789289994057156718554,-0.445723354816439987224896412954,-0.139884829521180004130442853238,0.88417363166809004315638276239],"EasingStyle":"Enum.PoseEasingStyle.Linear"}}},"KeyTime":0.100000000000000005551115123126},{"HumanoidRootPart":{"Torso":{"EasingDirection":"Enum.PoseEasingDirection.In","CFrame":[0.000140088610351089999650486817018,5.20795583724979990508825722362e-05,-0.602318525314330055486777837359,0.984798491001130038569044700125,0.0488186031579969995086720757627,-0.166699215769770009432093615942,0.00623735785484309974979755253344,0.94913536310196000567174223761,0.314806520938870015857702355788,0.173588529229159987954389521292,-0.311060786247249976277373662015,0.934402585029600052379805674718],"Right Leg":{"EasingDirection":"Enum.PoseEasingDirection.In","CFrame":[0.639542579650880016473024625157,0.622638344764710027767762312578,-0.0174842178821560008394886409633,0.754965364933010030235038811952,0.568859100341799983624468950438,-0.326230973005290025845681611827,-0.402094542980189983971683886921,0.79455900192260997538795663786,0.454968154430390014919538543836,0.518022537231449975436703425657,-0.212309539318079998349020343085,0.828599631786349988260553800501],"EasingStyle":"Enum.PoseEasingStyle.Linear"},"EasingStyle":"Enum.PoseEasingStyle.Linear","Left Leg":{"EasingDirection":"Enum.PoseEasingDirection.In","CFrame":[-0.420869708061219982564438168993,0.326296627521510007596816649311,0.0809421837329860061061026499374,0.788578510284420053366716274468,-0.531385362148280027128066649311,0.309472769498830013734647081947,0.425152689218520007941037874843,0.834734439849849962911321199499,0.349947988986969993341347162641,-0.444284826517109987520370850689,-0.144388273358349999986316447576,0.88417363166809004315638276239],"EasingStyle":"Enum.PoseEasingStyle.Linear"}}},"KeyTime":0.117000000000000006772360450213},{"HumanoidRootPart":{"Torso":{"EasingDirection":"Enum.PoseEasingDirection.In","CFrame":[0.000123269855976099992943620375918,3.90261411666869981662228439312e-05,-0.587846100330350007645563437109,0.98648822307587002988782387547,0.0510008148849009981806723601494,-0.155691713094709999198883565441,-0.00121432542800900002653852194356,0.952562093734739989692172912328,0.304342001676560003353699812578,0.16382771730422998612830554066,-0.300040751695629992479297243335,0.939753174781799982540064775094],"Right Leg":{"EasingDirection":"Enum.PoseEasingDirection.In","CFrame":[0.63372868299483997578391836214,0.609435200691220035906781049562,-0.0155712515115739996707233672169,0.753905415534970035906781049562,0.561352968215940051344148287171,-0.341334939002990001011283993648,-0.39376845955848999158988021918,0.80197626352310003028378559975,0.449199914932249977361777837359,0.525902211666109953291936562891,-0.204247355461119994846086456164,0.825657308101649944909183886921],"EasingStyle":"Enum.PoseEasingStyle.Linear"},"EasingStyle":"Enum.PoseEasingStyle.Linear","Left Leg":{"EasingDirection":"Enum.PoseEasingDirection.In","CFrame":[-0.428067564964289992701651499374,0.32145106792450001131911108132,0.0853793025016779949520895343085,0.794357836246490034426415149937,-0.522706568241120050899439775094,0.309472769498830013734647081947,0.41597416996955999257679081893,0.839346110820770041627270074969,0.349947988986969993341347162641,-0.44267490506172002540097309975,-0.149251252412799989555125534935,0.88417363166809004315638276239],"EasingStyle":"Enum.PoseEasingStyle.Linear"}}},"KeyTime":0.133000000000000007105427357601},{"HumanoidRootPart":{"Torso":{"EasingDirection":"Enum.PoseEasingDirection.In","CFrame":[0.000105594284832479995482439061316,2.53170728683469985621605491399e-05,-0.572614192962650037088678800501,0.988117516040800003551680674718,0.0534357577562330002263202288759,-0.144112765789030011776006290347,-0.00893829949200150054855473769067,0.956011056900019973170401499374,0.293194562196730013070578024781,0.15344047546386999081313717852,-0.288422554731370017755409662641,0.945128858089450019086541487923],"Right Leg":{"EasingDirection":"Enum.PoseEasingDirection.In","CFrame":[0.62746948003768998614049223761,0.595322847366330010210333512077,-0.0137358456850050006381458445048,0.752580881118769973170401499374,0.553254604339600053464209850063,-0.357115387916560000913790418053,-0.385037600994109996399572537484,0.809664070606230024118588062265,0.442933589220049994672478987923,0.534198522567750022638222162641,-0.19584050774573999453842532148,0.822361528873440050801946199499],"EasingStyle":"Enum.PoseEasingStyle.Linear"},"EasingStyle":"Enum.PoseEasingStyle.Linear","Left Leg":{"EasingDirection":"Enum.PoseEasingDirection.In","CFrame":[-0.435576260089869993219480193147,0.31624186038970997225661108132,0.090069234371184997423043228082,0.800336778163910023131677462516,-0.513505220413210006213944325282,0.30947279930115001445045663786,0.406260788440700015833328961889,0.844090402126310035413325749687,0.349947959184649992625537606727,-0.440923094749450017459935224906,-0.15434959530830000273837754321,0.88417363166809004315638276239],"EasingStyle":"Enum.PoseEasingStyle.Linear"}}},"KeyTime":0.149999999999999994448884876874},{"HumanoidRootPart":{"Torso":{"EasingDirection":"Enum.PoseEasingDirection.In","Right Leg":{"EasingDirection":"Enum.PoseEasingDirection.In","CFrame":[0.620908498764039973316641862766,0.580622076988219992799145074969,-0.0120461136102679999826392531759,0.75100064277649003496861723761,0.544743537902830032848555674718,-0.373165339231489978644162874843,-0.376123726367949995363915149937,0.817416727542879972823186562891,0.436303615570070024709536937735,0.542705237865449996448319325282,-0.187307924032209999198883565441,0.818771481513980048383416487923],"EasingStyle":"Enum.PoseEasingStyle.Linear"},"CFrame":[8.74716788530350002495855621376e-05,1.12354755401610006753602283291e-05,-0.556997537612920035066110813204,0.98962843418121004823717612453,0.056078508496283999140707976494,-0.132251858711240011245990899624,-0.0167283713817600009077235512223,0.959378123283390005227033725532,0.281626999378200015833328961889,0.14267277717589998964342612453,-0.276493757963179986880675187422,0.95036602020264004941907387547],"Left Arm":{"EasingDirection":"Enum.PoseEasingDirection.InOut","CFrame":[-5.96046447753909955769144237564e-08,8.19563865661620034958815932125e-08,4.47034835815430018372245021211e-08,-0.143501415848729996227461924718,0.432214170694349975043735412328,-0.890279889106750044192040149937,-0.837874710559839974699514186796,0.425674974918369974918874731884,0.341711550950999976006272618179,0.526662349700929954821049250313,0.794979035854340043698584850063,0.301056385040279983478228587046],"EasingStyle":"Enum.PoseEasingStyle.Linear"},"Head":{"EasingDirection":"Enum.PoseEasingDirection.InOut","CFrame":[1.49011611938480003571348220595e-08,0,0,0.95621877908706998105969887547,0,-0.292652875185009986314099705851,0.0486996024847030015147986148349,0.986057102680209962564106263017,0.159121870994570008273072403426,0.288572460412980014154982200125,-0.16640739142895000224342538786,0.942886292934419945055424250313],"EasingStyle":"Enum.PoseEasingStyle.Linear"},"Right Arm":{"EasingDirection":"Enum.PoseEasingDirection.InOut","CFrame":[0,1.49011611938480003571348220595e-07,0,-0.28362885117531000389590190025,-0.221868872642520004179189641036,-0.932914197444919990331868575595,0.926339089870449994279510974593,0.188100904226299991961468549562,-0.326364636421200005056419968241,0.247892171144489997791637847513,-0.95676141977310003028378559975,0.152174934744829987165459783682],"EasingStyle":"Enum.PoseEasingStyle.Linear"},"EasingStyle":"Enum.PoseEasingStyle.Linear","Left Leg":{"EasingDirection":"Enum.PoseEasingDirection.In","CFrame":[-0.44320493936539001600394271918,0.310783684253690017929017130882,0.0948995500802990027411354390097,0.806355237960819981601900963142,-0.50400197505951005449986723761,0.309472858905790015882075749687,0.396247446537019987200523019055,0.848836898803710049321580299875,0.349947988986969993341347162641,-0.439066350460049992232569593398,-0.159554496407509988076256490785,0.884173512458800048285922912328],"EasingStyle":"Enum.PoseEasingStyle.Linear"}}},"KeyTime":0.167000000000000009547918011776},{"HumanoidRootPart":{"Torso":{"EasingDirection":"Enum.PoseEasingDirection.In","CFrame":[0.00112372729927299997397527331344,0.000863492488861079972826961803634,-0.548069119453429953736645074969,0.990226030349730002022567987296,0.0566055029630659969908101913916,-0.127468302845950010038222899311,-0.0186906605958939986411593281446,0.959550380706789995954864025407,0.280915796756739999384677730632,0.138213649392129989124100575282,-0.275787651538849987176149625157,0.951229810714720014352963062265],"Right Leg":{"EasingDirection":"Enum.PoseEasingDirection.In","CFrame":[0.616894960403440051344148287171,0.569750428199769953785391862766,-0.00899137556552890085392881758253,0.756448447704319959505880888173,0.542479872703550025647700749687,-0.365378439426420009716878212203,-0.380726367235179996573180005726,0.819451987743380017015226712829,0.428422629833219992256942987296,0.531820714473720035364578961889,-0.184970453381540000936666956477,0.826409578323360038965006424405],"EasingStyle":"Enum.PoseEasingStyle.Linear"},"EasingStyle":"Enum.PoseEasingStyle.Linear","Left Leg":{"EasingDirection":"Enum.PoseEasingDirection.In","CFrame":[-0.443136304616929987965079362766,0.308096110820769986116118843711,0.0955283939838409978939637312578,0.809076905250549982540064775094,-0.50203162431716996660924223761,0.305546879768370027719015524781,0.395266652107239990776577087672,0.849578738212590001133150963142,0.349256753921510010307827087672,-0.434924066066740000469081905976,-0.161803066730499989223091006352,0.885810852050780028754672912328],"EasingStyle":"Enum.PoseEasingStyle.Linear"}}},"KeyTime":0.182999999999999996003197111349},{"HumanoidRootPart":{"Torso":{"EasingDirection":"Enum.PoseEasingDirection.In","CFrame":[0.00420103128999470016441408759533,0.00339441001415249996725487235949,-0.521555423736570045178950749687,0.991861164569849962369119111827,0.0581907927989959994352631156289,-0.113248616456989997791637847513,-0.0244979020208119999124640742139,0.960052132606510011392231263017,0.278746724128719980395629818304,0.124945074319840004894999196949,-0.273703694343570003155718950438,0.953664004802699971641288811952],"Right Leg":{"EasingDirection":"Enum.PoseEasingDirection.In","CFrame":[0.605334162712100054548614025407,0.537134528160099988802755888173,-0.000125840306282039987584298046386,0.772008597850800004636084850063,0.535887956619260030777240899624,-0.341799348592760010578928131508,-0.393772304058070010679415418053,0.825357437133789950678419700125,0.404633730649950007496329362766,0.498944967985149978595416087046,-0.177789658308030007471955968867,0.848200857639309968583063437109],"EasingStyle":"Enum.PoseEasingStyle.Linear"},"EasingStyle":"Enum.PoseEasingStyle.Linear","Left Leg":{"EasingDirection":"Enum.PoseEasingDirection.In","CFrame":[-0.442887425422670011343484475219,0.30011761188507002362513276239,0.097397401928902005430188637547,0.817029356956480046214608137234,-0.49610865116119001738681504321,0.293835461139680009789998393899,0.392324566841129984684499731884,0.851769149303440054055158725532,0.347233057022090008114645343085,-0.422545313835139990654710118179,-0.168420776724820003833471560029,0.890555918216709985202328425657],"EasingStyle":"Enum.PoseEasingStyle.Linear"}}},"KeyTime":0.200000000000000011102230246252},{"HumanoidRootPart":{"Torso":{"EasingDirection":"Enum.PoseEasingDirection.In","CFrame":[0.00922586396336559991238068789698,0.00752700865268709964212012764051,-0.478261888027189996375199143586,0.994082331657410001035657387547,0.0608444325625899992693312867686,-0.0899901986122129959877469218554,-0.0339130274951459989574154008096,0.960839331150050046659316649311,0.275023102760310000913790418053,0.103199750185010000191887513665,-0.270343780517580012379141862766,0.957216799259190009863118575595],"Right Leg":{"EasingDirection":"Enum.PoseEasingDirection.In","CFrame":[0.587589979171750043107635974593,0.482833445072170019951585118179,0.0136259794235229995257308033274,0.795377969741819956794870449812,0.525566697120669945597626337985,-0.301916629075999976006272618179,-0.41303035616875000135550521918,0.834535181522370050899439775094,0.364632666110989989149970824656,0.443598836660390016817245850689,-0.165320038795469997916498527957,0.880845844745639983131013650564],"EasingStyle":"Enum.PoseEasingStyle.Linear"},"EasingStyle":"Enum.PoseEasingStyle.Linear","Left Leg":{"EasingDirection":"Enum.PoseEasingDirection.In","CFrame":[-0.442335754632949995635016193773,0.287096977233889993907922644212,0.100454866886139998483074009528,0.829592585563660001035657387547,-0.486209571361540027201186831007,0.274547666311259985771897618179,0.387427628040310001455992505726,0.855305731296539972774439775094,0.344023227691650002046941381195,-0.402089565992360009616390925657,-0.179031744599339986967478921542,0.897926270961760031319442987296],"EasingStyle":"Enum.PoseEasingStyle.Linear"}}},"KeyTime":0.216999999999999998445687765525},{"HumanoidRootPart":{"Torso":{"EasingDirection":"Enum.PoseEasingDirection.In","CFrame":[0.0160455666482450000354109675982,0.013135761022568000558341516637,-0.419504076242450008038531450438,0.996204674243929999555291487923,0.0645725652575489944551279108964,-0.0583666972815990031664412640566,-0.0465489923954010009765625,0.961843311786649945993588062265,0.26961204409598998887886978082,0.0735491588711739974204562031446,-0.265871852636340000319847831634,0.961198568344119985695783725532],"Right Leg":{"EasingDirection":"Enum.PoseEasingDirection.In","CFrame":[0.565688252449039974401046038111,0.407140552997589999506544700125,0.0306577086448669988705262312578,0.822894573211670032897302462516,0.512505888938900033835466274468,-0.245320722460750012539065778583,-0.434983670711519998519634100376,0.846006572246549959359640524781,0.30832153558731001385950776239,0.365559518337249977903979925031,-0.147005647420879986819741702675,0.919105887413020017362441649311],"EasingStyle":"Enum.PoseEasingStyle.Linear"},"EasingStyle":"Enum.PoseEasingStyle.Linear","Left Leg":{"EasingDirection":"Enum.PoseEasingDirection.In","CFrame":[-0.441299021244050015955195931383,0.269437909126280017435561831007,0.104623407125469997103195396448,0.845793068408969950233711188048,-0.472333163022989999113576686796,0.248063474893570001800213731258,0.380602389574050015141892799875,0.860022425651549959901842612453,0.339857637882230001480365899624,-0.373866170644760020813635037484,-0.19303566217421999628989226494,0.907172143459319957337072537484],"EasingStyle":"Enum.PoseEasingStyle.Linear"}}},"KeyTime":0.233000000000000012656542480727},{"HumanoidRootPart":{"Torso":{"EasingDirection":"Enum.PoseEasingDirection.In","CFrame":[0.0244529061019419999278845523349,0.020050309598445999886839885562,-0.347067117691039983551348768742,0.997403979301449972183490899624,0.0693638920784000051478201953614,-0.0193362664431330003034226194814,-0.0618830174207690014709370984747,0.96297752857207996601829336214,0.262382745742800016497398019055,0.0368202775716780020265339601337,-0.26050502061843999745960331893,0.964770078659059948655851712829],"Right Leg":{"EasingDirection":"Enum.PoseEasingDirection.In","CFrame":[0.541976809501649947620194325282,0.310846149921420011885686562891,0.0486675202846530013944814641036,0.849871039390559968040861349436,0.498044788837429974748260974593,-0.172251731157299997621024090222,-0.455187320709230014426083243961,0.858466148376459958768691649311,0.236305788159370006029647015566,0.265563130378719980395629818304,-0.122422650456429998877538878332,0.956289172172550050454731263017],"EasingStyle":"Enum.PoseEasingStyle.Linear"},"EasingStyle":"Enum.PoseEasingStyle.Linear","Left Leg":{"EasingDirection":"Enum.PoseEasingDirection.In","CFrame":[-0.439565807580949985400309287797,0.247682929038999993798242371668,0.109806701540949999684748661366,0.864392042160029960840006424405,-0.454548865556720027569781450438,0.214969187974930003859341809402,0.371915310621259986856301793523,0.865697979927059990679083512077,0.335031390190120015315500268116,-0.338386505842209972527712125157,-0.209648147225379999358807481258,0.917356133460999978446182012704],"EasingStyle":"Enum.PoseEasingStyle.Linear"}}},"KeyTime":0.25},{"HumanoidRootPart":{"Torso":{"EasingDirection":"Enum.PoseEasingDirection.In","CFrame":[0.0341924428939820029826890390723,0.0280604660511020002899851277789,-0.263152211904529975683431075595,0.996834993362429977459271412954,0.0751744136214260033623801859903,0.0258628018200399989456883531602,-0.0792798623442649980086471828145,0.96414649486542003398170663786,0.253251433372500001084404175344,-0.00589750241488220042218593164307,-0.254500269889829988656515524781,0.967054724693300005178286937735],"Right Leg":{"EasingDirection":"Enum.PoseEasingDirection.In","CFrame":[0.518716454505919966067040149937,0.195533156394959994894833243961,0.0647703707218170027237746921855,0.871141374111179978001473500626,0.48376941680907997733740444346,-0.0841420143842700057890127141036,-0.468830823898319981601900963142,0.870394647121429998470887312578,0.150368988513950002650076953614,0.145980671048160010050409596261,-0.0915442705154420055535524625157,0.985042810440060034871123662015],"EasingStyle":"Enum.PoseEasingStyle.Linear"},"EasingStyle":"Enum.PoseEasingStyle.Linear","Left Leg":{"EasingDirection":"Enum.PoseEasingDirection.In","CFrame":[-0.436931908130650026311769806853,0.222494840621949990788763784622,0.115897864103319994666385639448,0.884002447128300006262691113079,-0.433049857616420008632474036858,0.17608949542046001268680299745,0.361493527889249988138686831007,0.872068464756009964489180674718,0.329877376556399981577527569243,-0.296415418386460016719752275094,-0.227957203984260003970518937422,0.927455365657809949198053800501],"EasingStyle":"Enum.PoseEasingStyle.Linear"}}},"KeyTime":0.267000000000000015099033134902},{"HumanoidRootPart":{"Torso":{"EasingDirection":"Enum.PoseEasingDirection.In","CFrame":[0.0449682325124739976085486148349,0.0369228906929489966715074444892,-0.170308947563169998939969218554,0.993757426738740012872597162641,0.081913806498050995008597396918,0.0757381170988079971406747858964,-0.0980253443121909956436965671855,0.965255379676819957879274625157,0.242225155234339989407388316067,-0.0532650500535959969816701686796,-0.248137310147290013340182213142,0.967259347438810035413325749687],"Right Leg":{"EasingDirection":"Enum.PoseEasingDirection.In","CFrame":[0.497686922550199972725692987296,0.063828885555267000917467612453,0.0757972300052640046708063437109,0.881808221340179998470887312578,0.471335470676420009716878212203,0.0160327944904570009188038426373,-0.471474587917329990283121787797,0.880240201950070022540728587046,0.0537484548985959972866588429952,0.0112208444625139999728524742295,-0.0549548827111719997984273788916,0.998425781726840044782989025407],"EasingStyle":"Enum.PoseEasingStyle.Linear"},"EasingStyle":"Enum.PoseEasingStyle.Linear","Left Leg":{"EasingDirection":"Enum.PoseEasingDirection.In","CFrame":[-0.433240771293640025696447537484,0.194634079933170001108777569243,0.122781597077849996546561328614,0.903224945068360041133814775094,-0.40820083022117997773037245679,0.132502138614649989101224036858,0.349543660879140016817245850689,0.878843545913699952798481263017,0.324735641479490022565101980945,-0.249005973339080005635182146762,-0.246994078159329999433424518429,0.936477422714229956746123662015],"EasingStyle":"Enum.PoseEasingStyle.Linear"}}},"KeyTime":0.282999999999999973798736618846},{"HumanoidRootPart":{"Torso":{"EasingDirection":"Enum.PoseEasingDirection.In","CFrame":[0.0564528778195379984938817585771,0.0463683046400550011312269305108,-0.0713583081960680043476230594024,0.987655878067020043253876337985,0.089436247944832000800197135959,0.128596648573880006916070328771,-0.117368906736370001708813504138,0.966220915317539952305025963142,0.229437723755840011774509434872,-0.103732720017430002368286068304,-0.241698756813999993120489762077,0.964790761470790014797671574343],"Right Leg":{"EasingDirection":"Enum.PoseEasingDirection.In","CFrame":[0.479903161525729982095356263017,-0.0804767608642580067890293094024,0.0787748992443079998349020343085,0.878080070018769975881411937735,0.462233752012249976548474705851,0.123755298554900000640444091005,-0.459847718477249978175080968867,0.886648535728450037929349036858,-0.0489332117140289998835633866747,-0.132346034049990013414799250313,-0.0139412991702559992818200029774,0.991105496883390002516023287171],"EasingStyle":"Enum.PoseEasingStyle.Linear"},"EasingStyle":"Enum.PoseEasingStyle.Linear","Left Leg":{"EasingDirection":"Enum.PoseEasingDirection.In","CFrame":[-0.428417742252350020049078693773,0.164935648441310006573345958714,0.130330950021739999655778774468,0.920790016651150011739446199499,-0.380566835403439995832997055913,0.0855249166488649958939305406602,0.336360394954680008705594218554,0.885727226734160044685495449812,0.319920092821119994574985412328,-0.197502732276920001108777569243,-0.265812069177630005967216675344,0.943576455116269974254805674718],"EasingStyle":"Enum.PoseEasingStyle.Linear"}}},"KeyTime":0.299999999999999988897769753748},{"HumanoidRootPart":{"Torso":{"EasingDirection":"Enum.PoseEasingDirection.In","Right Leg":{"EasingDirection":"Enum.PoseEasingDirection.In","CFrame":[0.465524435043330020445040418053,-0.232515215873720010320013784622,0.0715002417564390008175578827831,0.858013510704039972232237687422,0.457541048526759974723887580694,0.233389005064959992319373327518,-0.432521790266039984906853987923,0.888696193695070024709536937735,-0.15213136374950000928585325255,-0.277017951011659990800950481571,0.0295852571725849985972978117843,0.960408568382259963946978587046],"EasingStyle":"Enum.PoseEasingStyle.Linear"},"CFrame":[0.0682974085211749959434257561952,0.0561096966266629998409953827831,0.030693098902701998476061362453,0.978332400321960005129540149937,0.0975381284952159949286354390097,0.182624876499179994437938034935,-0.136571913957599988531654844337,0.966979920864109998568380888173,0.215169966220859987249269806853,-0.155607342720029989679986215378,-0.235449194908140008175578827831,0.959348738193509964489180674718],"Left Arm":{"EasingDirection":"Enum.PoseEasingDirection.InOut","CFrame":[2.98023223876950014800896800616e-08,2.38418579101560011840717440493e-07,8.75443220138549937036398008484e-08,-0.712646663188929996302078961889,0.682106375694270017362441649311,0.16390751302241998721420657148,-0.286968708038330022613848768742,-0.496652603149410010185960118179,0.819136857986449973267895074969,0.640143454074859952207532387547,0.536718726158139980420003212203,0.549681067466739947668941113079],"EasingStyle":"Enum.PoseEasingStyle.Linear"},"Head":{"EasingDirection":"Enum.PoseEasingDirection.InOut","CFrame":[-4.88944351673130025733942743927e-09,5.96046447753909955769144237564e-08,5.96046447753909955769144237564e-08,0.999975502490999978988384100376,0,0.00699993968009950031511356982605,-0.00287983566522600001325038476807,0.911450624465940051344148287171,0.411399453878399989914527168366,-0.00638008117675780035693566816235,-0.411409527063369973021167425031,0.911428272724149945993588062265],"EasingStyle":"Enum.PoseEasingStyle.Linear"},"Right Arm":{"EasingDirection":"Enum.PoseEasingDirection.In","CFrame":[0.133222445845600001579356330694,0.259044200181960004858439106101,0.274131774902339975241716274468,-0.354983210563660001035657387547,-0.332700759172440019284522350063,-0.873668789863589978494928800501,0.758844017982480023576385974593,-0.648369431495669945597626337985,-0.0614235997200009986585200749687,-0.546024560928339952603494111827,-0.684782743453980047299012312578,0.482628226280210015364247055913],"EasingStyle":"Enum.PoseEasingStyle.Linear"},"EasingStyle":"Enum.PoseEasingStyle.Linear","Left Leg":{"EasingDirection":"Enum.PoseEasingDirection.In","CFrame":[-0.422497600317000010505807949812,0.134286105632780011776006290347,0.138399422168729996363012446636,0.935688674449919988163060224906,-0.350918203592300026461003881195,0.0366711914539340003149625601964,0.322325974702840023500272081947,0.892438530921940031959138650564,0.315688341855999976548474705851,-0.143507331609730004462477381821,-0.283565819263459972798813168993,0.948153376579280005032046574343],"EasingStyle":"Enum.PoseEasingStyle.Linear"}}},"KeyTime":0.317000000000000003996802888651},{"HumanoidRootPart":{"Torso":{"EasingDirection":"Enum.PoseEasingDirection.In","CFrame":[0.0673674792051320026065042156915,0.0550150275230410004678738289385,0.0258101578801869999124640742139,0.978396356105800002467276499374,0.0968960151076320025387289547325,0.182624325156209993403777502863,-0.136115491390229992330063168993,0.966799020767210026683358137234,0.216268733143810010233210050501,-0.155605450272560008606603787484,-0.236454561352729991652310559402,0.959101736545559968583063437109],"Right Leg":{"EasingDirection":"Enum.PoseEasingDirection.In","CFrame":[0.466480851173399990727830299875,-0.228576838970179996302078961889,0.0712284445762629975229529577518,0.85816937685012995018496440025,0.457540959119799972576458912954,0.232812404632569996953961322106,-0.432623773813250012132414212829,0.888696253299710026141156049562,-0.15184095501899999569594967852,-0.276372969150539993243853587046,0.0295850560069080004144126405663,0.960595011711120050357237687422],"EasingStyle":"Enum.PoseEasingStyle.Linear"},"EasingStyle":"Enum.PoseEasingStyle.Linear","Left Leg":{"EasingDirection":"Enum.PoseEasingDirection.In","CFrame":[-0.424795269966129984684499731884,0.137810111045840011367857869118,0.137234330177309987730538409778,0.936365723609919986536453961889,-0.349705964326860019308895743961,0.0304122939705850012237497992373,0.322946339845660013168071600376,0.892177641391750042565433886921,0.315792113542559982342083912954,-0.137567549943920008903575080694,-0.285875409841539973587742906602,0.948340833187100051837603587046],"EasingStyle":"Enum.PoseEasingStyle.Linear"}}},"KeyTime":0.333000000000000018207657603853},{"HumanoidRootPart":{"Torso":{"EasingDirection":"Enum.PoseEasingDirection.In","CFrame":[0.0645966380834580022884949812578,0.0517533384263519982693146914698,0.0112607581540940006326056987973,0.978585124015809992847891862766,0.0949826240539549948582731531133,0.182618215680119988508778305913,-0.134755104780200002378975909778,0.966251909732820046805557012704,0.21954107284546001133129777827,-0.155602619051930013416296105788,-0.239448368549350004697018334809,0.958359181880950039555955299875],"Right Leg":{"EasingDirection":"Enum.PoseEasingDirection.In","CFrame":[0.469331651926039983280247724906,-0.216841876506809999591851578771,0.0704176723957059963465709984121,0.858633577823640026238649625157,0.457540988922119973292268468867,0.23109443485736999579494010959,-0.432926833629609986164865631508,0.888696193695070024709536937735,-0.150974825024599995648699746198,-0.274449914693830010481434555913,0.029585074633359999263237938294,0.961146175861359974845754550188],"EasingStyle":"Enum.PoseEasingStyle.Linear"},"EasingStyle":"Enum.PoseEasingStyle.Linear","Left Leg":{"EasingDirection":"Enum.PoseEasingDirection.In","CFrame":[-0.431557774543759986585200749687,0.148302078247070007188668228082,0.133692517876630001527615831947,0.938158750534059948655851712829,-0.346005797386169988705262312578,0.0117577090859410007123164731979,0.324800550937649978866517130882,0.891403615474700039555955299875,0.31607633829116998924746440025,-0.11984508484601999467322741566,-0.292710840702059993390093950438,0.948660910129550005720489025407],"EasingStyle":"Enum.PoseEasingStyle.Linear"}}},"KeyTime":0.349999999999999977795539507497},{"Humano