{"Keyframes":[{"HumanoidRootPart":{"Torso":{"Right Arm":{"EasingDirection":"Enum.PoseEasingDirection.Out","CFrame":[-5.32907051820080030340955570957e-15,-2.98023223876950001566006999767e-07,3.57627868652339991291296559042e-07,1,7.59040297282350033515678196586e-09,6.64076793555069985179730633027e-10,-7.59040297282350033515678196586e-09,0.984807729721070002071314775094,0.173648178577419987078656049562,6.64076793555069985179730633027e-10,-0.173648178577419987078656049562,0.984807729721070002071314775094],"EasingStyle":"Enum.PoseEasingStyle.Linear"},"Head":[],"Left Arm":{"EasingDirection":"Enum.PoseEasingDirection.Out","CFrame":[5.32907051820080030340955570957e-15,-2.98023223876950001566006999767e-07,3.57627868652339991291296559042e-07,1,-7.59040297282350033515678196586e-09,-6.64076793555069985179730633027e-10,7.59040297282350033515678196586e-09,0.984807729721070002071314775094,0.173648178577419987078656049562,-6.64076793555069985179730633027e-10,-0.173648178577419987078656049562,0.984807729721070002071314775094],"EasingStyle":"Enum.PoseEasingStyle.Linear"},"Right Leg":{"EasingDirection":"Enum.PoseEasingDirection.Out","CFrame":[0.00019761919975281000243227946811,1.66893005371090001879208399721e-06,0.000287771224975590003258146820642,0.866274356842040016424277837359,-0.000661539612337950035970968176713,-0.499568074941640016817245850689,0.0873732790350909976906379483808,0.984786391258239968138354925031,0.150205269455910006559662406289,0.491868495941159999951253212203,-0.173767879605289998767858605788,0.853153049945829966560495449812],"EasingStyle":"Enum.PoseEasingStyle.Linear"},"Left Leg":{"EasingDirection":"Enum.PoseEasingDirection.Out","CFrame":[-0.00065328180789947997656602618477,-2.36034393310549992081245895825e-05,0.000123530626296999997658365710862,0.984700083732599984465139186796,7.02516335877590016945407058735e-05,0.174257665872569994514051927581,-0.0303761493414640010302107953066,0.984758615493769973170401499374,0.17125338315964000468483163786,-0.171589717268940011862810024468,-0.17392650246620000586972309975,0.969694018363949972183490899624],"EasingStyle":"Enum.PoseEasingStyle.Linear"}}},"KeyTime":0},{"HumanoidRootPart":{"Torso":{"Right Arm":{"EasingDirection":"Enum.PoseEasingDirection.Out","CFrame":[-5.32907051820080030340955570957e-15,-2.98023223876950001566006999767e-07,3.57627868652339991291296559042e-07,1,7.59040297282350033515678196586e-09,6.64076793555069985179730633027e-10,-7.59040297282350033515678196586e-09,0.984807729721070002071314775094,0.173648178577419987078656049562,6.64076793555069985179730633027e-10,-0.173648178577419987078656049562,0.984807729721070002071314775094],"EasingStyle":"Enum.PoseEasingStyle.Linear"},"Head":[],"Left Arm":{"EasingDirection":"Enum.PoseEasingDirection.Out","CFrame":[5.32907051820080030340955570957e-15,-2.98023223876950001566006999767e-07,3.57627868652339991291296559042e-07,1,-7.59040297282350033515678196586e-09,-6.64076793555069985179730633027e-10,7.59040297282350033515678196586e-09,0.984807729721070002071314775094,0.173648178577419987078656049562,-6.64076793555069985179730633027e-10,-0.173648178577419987078656049562,0.984807729721070002071314775094],"EasingStyle":"Enum.PoseEasingStyle.Linear"},"Right Leg":{"EasingDirection":"Enum.PoseEasingDirection.Out","CFrame":[0.00019761919975281000243227946811,1.66893005371090001879208399721e-06,0.000287771224975590003258146820642,0.866274356842040016424277837359,-0.000661539612337950035970968176713,-0.499568074941640016817245850689,0.0873732790350909976906379483808,0.984786391258239968138354925031,0.150205269455910006559662406289,0.491868495941159999951253212203,-0.173767879605289998767858605788,0.853153049945829966560495449812],"EasingStyle":"Enum.PoseEasingStyle.Linear"},"Left Leg":{"EasingDirection":"Enum.PoseEasingDirection.Out","CFrame":[-0.00065328180789947997656602618477,-2.36034393310549992081245895825e-05,0.000123530626296999997658365710862,0.984700083732599984465139186796,7.02516335877590016945407058735e-05,0.174257665872569994514051927581,-0.0303761493414640010302107953066,0.984758615493769973170401499374,0.17125338315964000468483163786,-0.171589717268940011862810024468,-0.17392650246620000586972309975,0.969694018363949972183490899624],"EasingStyle":"Enum.PoseEasingStyle.Linear"}}},"KeyTime":0.100000000000000005551115123126},{"Torso":{"Left Arm":{"EasingDirection":"Enum.PoseEasingDirection.Out","CFrame":[-0.154277741909029986189239025407,5.10364770889280024276837138819e-06,-0.154296875,-0.103572741150860000991507092749,0.705924034118650012281648287171,0.700673878192899945993588062265,-0.985494911670680040494119111827,-0.168051123619080006177384234434,0.0236357115209099993835550890253,0.134434059262279997915001672482,-0.688062548637390025696447537484,0.713090062141420011343484475219],"EasingStyle":"Enum.PoseEasingStyle.Linear"},"Right Leg":{"EasingDirection":"Enum.PoseEasingDirection.Out","CFrame":[0.00019761919975281000243227946811,1.66893005371090001879208399721e-06,0.000287771224975590003258146820642,0.866274356842040016424277837359,-0.000661539612337950035970968176713,-0.499568074941640016817245850689,0.0873732790350909976906379483808,0.984786391258239968138354925031,0.150205269455910006559662406289,0.491868495941159999951253212203,-0.173767879605289998767858605788,0.853153049945829966560495449812],"EasingStyle":"Enum.PoseEasingStyle.Linear"},"Right Arm":{"EasingDirection":"Enum.PoseEasingDirection.Out","CFrame":[0.154283657670020002417032856101,5.51342964172359998997329389586e-07,-0.154267728328700004514217880569,0.0694696903228760043180756156289,-0.575793981552120026634611349436,-0.814638078212740035510819325282,0.96575307846069002870592612453,-0.165821269154550005042736415817,0.199560344219210011873499865942,-0.249989971518520009974295703614,-0.800602614879610041676016862766,0.544555306434630015388620449812],"EasingStyle":"Enum.PoseEasingStyle.Linear"},"Left Leg":{"EasingDirection":"Enum.PoseEasingDirection.Out","CFrame":[-0.00065328180789947997656602618477,-2.36034393310549992081245895825e-05,0.000123530626296999997658365710862,0.984700083732599984465139186796,7.02516335877590016945407058735e-05,0.174257665872569994514051927581,-0.0303761493414640010302107953066,0.984758615493769973170401499374,0.17125338315964000468483163786,-0.171589717268940011862810024468,-0.17392650246620000586972309975,0.969694018363949972183490899624],"EasingStyle":"Enum.PoseEasingStyle.Linear"}},"KeyTime":0.179999999999999993338661852249},{"Torso":{"Left Arm":{"EasingDirection":"Enum.PoseEasingDirection.Out","CFrame":[-0.154277592897419990602969619431,3.14414501190189993797973085077e-06,-0.15429535508156000389590190025,-0.156913682818410005204157187109,0.955379486083980045130203961889,0.250256121158600020049078693773,-0.985494911670680040494119111827,-0.16805113852024000653528901239,0.0236356873065230004005154995639,0.0646368786692620017619859140723,-0.242917373776439987631547978708,0.96789109706878995176282387547],"EasingStyle":"Enum.PoseEasingStyle.Linear"},"Right Leg":{"EasingDirection":"Enum.PoseEasingDirection.Out","CFrame":[0.00019761919975281000243227946811,1.66893005371090001879208399721e-06,0.000287771224975590003258146820642,0.866274356842040016424277837359,-0.000661539612337950035970968176713,-0.499568074941640016817245850689,0.0873732790350909976906379483808,0.984786391258239968138354925031,0.150205269455910006559662406289,0.491868495941159999951253212203,-0.173767879605289998767858605788,0.853153049945829966560495449812],"EasingStyle":"Enum.PoseEasingStyle.Linear"},"Right Arm":{"EasingDirection":"Enum.PoseEasingDirection.Out","CFrame":[0.154273599386220011675519003802,2.92062759399409996741853179358e-06,-0.154277592897419990602969619431,-0.107473693788049995401223668523,-0.95570129156113003965344887547,-0.274015426635740022565101980945,0.96575307846069002870592612453,-0.165821328759190006474355527644,0.199560314416890011157690310029,-0.236157640814779995475092277957,-0.243183746933939987089345891036,0.940792858600620007791803800501],"EasingStyle":"Enum.PoseEasingStyle.Linear"},"Left Leg":{"EasingDirection":"Enum.PoseEasingDirection.Out","CFrame":[-0.00065328180789947997656602618477,-2.36034393310549992081245895825e-05,0.000123530626296999997658365710862,0.984700083732599984465139186796,7.02516335877590016945407058735e-05,0.174257665872569994514051927581,-0.0303761493414640010302107953066,0.984758615493769973170401499374,0.17125338315964000468483163786,-0.171589717268940011862810024468,-0.17392650246620000586972309975,0.969694018363949972183490899624],"EasingStyle":"Enum.PoseEasingStyle.Linear"}},"KeyTime":0.239999999999999991118215802999},{"Torso":{"Left Arm":{"EasingDirection":"Enum.PoseEasingDirection.Out","CFrame":[-0.42426282167434997694144271918,-3.09086161109920002365264825924e-08,-0.424258649349209981949115899624,-7.46200043977300018938978300002e-08,0.707106828689579969271505888173,-0.707106709480289974401046038111,-1,-3.09086196637049974402026682532e-08,7.46200043977300018938978300002e-08,3.09086232164190004955037183957e-08,0.707106649875639980962205299875,0.707106769084929975832665149937],"EasingStyle":"Enum.PoseEasingStyle.Linear"},"Right Leg":{"EasingDirection":"Enum.PoseEasingDirection.Out","CFrame":[0.00019761919975281000243227946811,1.66893005371090001879208399721e-06,0.000287771224975590003258146820642,0.866274356842040016424277837359,-0.000661539612337950035970968176713,-0.499568074941640016817245850689,0.0873732790350909976906379483808,0.984786391258239968138354925031,0.150205269455910006559662406289,0.491868495941159999951253212203,-0.173767879605289998767858605788,0.853153049945829966560495449812],"EasingStyle":"Enum.PoseEasingStyle.Linear"},"Right Arm":{"EasingDirection":"Enum.PoseEasingDirection.Out","CFrame":[0.42426282167434997694144271918,-3.09086161109920002365264825924e-08,-0.424258649349209981949115899624,-7.46200043977300018938978300002e-08,-0.707106828689579969271505888173,0.707106709480289974401046038111,1,-3.09086196637049974402026682532e-08,7.46200043977300018938978300002e-08,-3.09086232164190004955037183957e-08,0.707106649875639980962205299875,0.707106769084929975832665149937],"EasingStyle":"Enum.PoseEasingStyle.Linear"},"Left Leg":{"EasingDirection":"Enum.PoseEasingDirection.Out","CFrame":[-0.00065328180789947997656602618477,-2.36034393310549992081245895825e-05,0.000123530626296999997658365710862,0.984700083732599984465139186796,7.02516335877590016945407058735e-05,0.174257665872569994514051927581,-0.0303761493414640010302107953066,0.984758615493769973170401499374,0.17125338315964000468483163786,-0.171589717268940011862810024468,-0.17392650246620000586972309975,0.969694018363949972183490899624],"EasingStyle":"Enum.PoseEasingStyle.Linear"}},"KeyTime":0.330000000000000015543122344752},{"HumanoidRootPart":{"Torso":{"EasingDirection":"Enum.PoseEasingDirection.Out","Right Arm":{"EasingDirection":"Enum.PoseEasingDirection.Out","CFrame":[0.42426300048827997324352168107,7.70334196431579999698321205076e-09,-0.224256843328480004462477381821,-1.04308142567790003017898226023e-07,-0.707106888294219970703125,0.707106709480289974401046038111,1,-3.16101491648620006075507185821e-08,1.1590384474403000202587623365e-07,-5.9604658986244996094868895363e-08,0.707106709480289974401046038111,0.707106888294219970703125],"EasingStyle":"Enum.PoseEasingStyle.Linear"},"CFrame":[0,-0.10000010579823999379289745093,1.58324837684629997697490313459e-07,1,0,0,0,0.998629510402679998470887312578,-0.0523359626531599980703290952988,0,0.0523359626531599980703290952988,0.998629510402679998470887312578],"Head":{"EasingDirection":"Enum.PoseEasingDirection.Out","CFrame":[0,-1.0244548320770000297567963116e-07,8.94069671630860036744490042422e-08,1,0,0,0,0.998629510402679998470887312578,0.052335966378449998159805289788,0,-0.052335966378449998159805289788,0.998629510402679998470887312578],"EasingStyle":"Enum.PoseEasingStyle.Linear"},"Left Arm":{"EasingDirection":"Enum.PoseEasingDirection.Out","CFrame":[-0.424257636070250021553817987296,7.70334196431579999698321205076e-09,-0.224261850118639999296377141036,-1.04308142567790003017898226023e-07,0.707106888294219970703125,-0.707106709480289974401046038111,-1,-3.16101491648620006075507185821e-08,1.1590384474403000202587623365e-07,5.9604658986244996094868895363e-08,0.707106709480289974401046038111,0.707106888294219970703125],"EasingStyle":"Enum.PoseEasingStyle.Linear"},"Right Leg":{"EasingDirection":"Enum.PoseEasingDirection.Out","CFrame":[0.00019761919975281000243227946811,1.66893005371090001879208399721e-06,0.000287771224975590003258146820642,0.866274356842040016424277837359,-0.000661539612337950035970968176713,-0.499568074941640016817245850689,0.0873732790350909976906379483808,0.984786391258239968138354925031,0.150205269455910006559662406289,0.491868495941159999951253212203,-0.173767879605289998767858605788,0.853153049945829966560495449812],"EasingStyle":"Enum.PoseEasingStyle.Linear"},"EasingStyle":"Enum.PoseEasingStyle.Linear","Left Leg":{"EasingDirection":"Enum.PoseEasingDirection.Out","CFrame":[-0.00065328180789947997656602618477,-2.36034393310549992081245895825e-05,0.000123530626296999997658365710862,0.984700083732599984465139186796,7.02516335877590016945407058735e-05,0.174257665872569994514051927581,-0.0303761493414640010302107953066,0.984758615493769973170401499374,0.17125338315964000468483163786,-0.171589717268940011862810024468,-0.17392650246620000586972309975,0.969694018363949972183490899624],"EasingStyle":"Enum.PoseEasingStyle.Linear"}}},"KeyTime":0.409999999999999975575093458247},{"HumanoidRootPart":{"Torso":{"EasingDirection":"Enum.PoseEasingDirection.Out","Right Arm":{"EasingDirection":"Enum.PoseEasingDirection.Out","CFrame":[1.01962304115300006479571948148,0.354178190231320022540728587046,-0.57710576057434004315638276239,-0.51782178878784002051816059975,-0.811741828918460028852166487923,0.270066320896150013908254550188,0.851071178913120007791803800501,-0.52084439992904996152844887547,0.0663245692849159934612046640723,0.0868240892887120058185601578771,0.264189958572390026780851712829,0.960554659366609997483976712829],"EasingStyle":"Enum.PoseEasingStyle.Linear"},"CFrame":[0,-0.165269419550899993032189172482,-0.0969610586762429949025943187735,1,0,0,0,0.766044378280639981504407387547,-0.642787694931030051392895074969,0,0.642787694931030051392895074969,0.766044378280639981504407387547],"Head":{"EasingDirection":"Enum.PoseEasingDirection.Out","CFrame":[0,-8.19563865661620034958815932125e-08,4.76837158203129976318565119014e-07,1,0,0,0,0.984807729721070002071314775094,-0.173648327589040002427722697576,0,0.173648327589040002427722697576,0.984807729721070002071314775094],"EasingStyle":"Enum.PoseEasingStyle.Linear"},"Left Arm":{"EasingDirection":"Enum.PoseEasingDirection.Out","CFrame":[-1.02441382408140002624463704706,0.358202636241910010728162205851,-0.543082892894739988065566649311,-0.531121611595150033835466274468,0.835751712322239992403183350689,-0.139387533068660002255612084809,-0.839911341667179955905453425657,-0.540991365909579968729303800501,-0.0433279238641259972775188202831,-0.111618846654889997127568790347,0.0940607786178589977410524625157,0.989289522171019952700987687422],"EasingStyle":"Enum.PoseEasingStyle.Linear"},"Right Leg":{"EasingDirection":"Enum.PoseEasingDirection.Out","CFrame":[0.811155974864960049863782387547,1.15845537185669988922143147647,2.98023223876950014800896800616e-08,1,-1.49011611938480003571348220595e-08,0,1.49011611938480003571348220595e-08,1,8.88178419700129965504336660543e-16,0,-8.88178419700129965504336660543e-16,1],"EasingStyle":"Enum.PoseEasingStyle.Linear"},"EasingStyle":"Enum.PoseEasingStyle.Linear","Left Leg":{"EasingDirection":"Enum.PoseEasingDirection.Out","CFrame":[2.68220901489259983021927339145e-07,3.57627868652339991291296559042e-07,0,0.866025447845459983575722162641,0.499999910593030005845349705851,5.85622572657479971877600782794e-09,-0.499999910593030005845349705851,0.866025447845459983575722162641,2.18556941433690008286856737039e-08,5.85620796300650001486119209499e-09,-2.18556976960830005752642736343e-08,1],"EasingStyle":"Enum.PoseEasingStyle.Linear"}}},"KeyTime":0.540000000000000035527136788005},{"HumanoidRootPart":{"Torso":{"EasingDirection":"Enum.PoseEasingDirection.Out","Right Arm":{"EasingDirection":"Enum.PoseEasingDirection.In","CFrame":[0.872643411159520043796078425657,0.574352324008939985056088062265,-0.573311686515809992847891862766,-0.650912702083589977952726712829,-0.70949059724807994609108163786,0.270066261291500020469413811952,0.747697591781619985695783725532,-0.660718798637390025696447537484,0.066324755549430999823634635959,0.131381049752239992267632828771,0.245099514722819988854496386921,0.960554659366609997483976712829],"EasingStyle":"Enum.PoseEasingStyle.Cubic"},"CFrame":[0,-0.199999943375589989136287272231,-6.10947608947749988722618948861e-07,1,0,0,0,0.707107007503509965573584850063,-0.707106530666349986091745449812,0,0.707106530666349986091745449812,0.707107007503509965573584850063],"Head":{"EasingDirection":"Enum.PoseEasingDirection.Out","CFrame":[0,-7.45058059692380033173141821827e-08,-4.76837158203129976318565119014e-07,1,0,0,0,0.965925872325899992354436562891,0.258818924427029972701319593398,0,-0.258818924427029972701319593398,0.965925872325899992354436562891],"EasingStyle":"Enum.PoseEasingStyle.Linear"},"Left Arm":{"EasingDirection":"Enum.PoseEasingDirection.In","CFrame":[-0.875693202018740013414799250313,0.580545604228969946980498662015,-0.538923978805539993786055674718,-0.668179452419280006658652837359,0.730826437473300005720489025407,-0.139387503266330009532580902487,-0.733209013938900033835466274468,-0.678621590137480024118588062265,-0.0433279573917390026238649625157,-0.126256585121150011197244111827,0.073249325156212005683009635959,0.989289522171019952700987687422],"EasingStyle":"Enum.PoseEasingStyle.Cubic"},"Right Leg":{"EasingDirection":"Enum.PoseEasingDirection.Out","CFrame":[0.707103490829469993883549250313,1.2247447967528999335229400458,2.98023223876950014800896800616e-08,1,-1.49011611938480003571348220595e-08,0,1.49011611938480003571348220595e-08,1,8.88178419700129965504336660543e-16,0,-8.88178419700129965504336660543e-16,1],"EasingStyle":"Enum.PoseEasingStyle.Linear"},"EasingStyle":"Enum.PoseEasingStyle.Linear","Left Leg":{"EasingDirection":"Enum.PoseEasingDirection.Out","CFrame":[5.96046447753909955769144237564e-08,2.98023223876950001566006999767e-07,0,0.766044557094569977806486349436,0.642787516117100055090816113079,1.02265218515640001516573976683e-08,-0.642787516117100055090816113079,0.766044557094569977806486349436,2.80971317323520005918028794294e-08,1.0226514746136999892680161865e-08,-2.80971317323520005918028794294e-08,1],"EasingStyle":"Enum.PoseEasingStyle.Linear"}}},"KeyTime":0.610999999999999987565502124198},{"HumanoidRootPart":{"Torso":{"EasingDirection":"Enum.PoseEasingDirection.Out","Right Arm":{"EasingDirection":"Enum.PoseEasingDirection.In","CFrame":[-0.504426717758180043205129550188,-0.24213629961013999336572055654,0.0399139821529390023679972898663,0.79266023635864002461204336214,-0.57263517379760997538795663786,0.209233567118639995907614093085,0.607002258300780028754672912328,0.773299515247339974699514186796,-0.183183133602140002516023287171,-0.0569031126797200012545907554795,0.272207260131839989814039881821,0.960554659366609997483976712829],"EasingStyle":"Enum.PoseEasingStyle.Linear"},"CFrame":[0,-0.130540564656259988618458578458,-0.193921089172360006092077355788,1,0,0,0,0.984807729721070002071314775094,-0.173648402094840004217246587359,0,0.173648402094840004217246587359,0.984807729721070002071314775094],"Head":{"EasingDirection":"Enum.PoseEasingDirection.Out","CFrame":[0,7.22706317901609951696460711762e-07,-2.02655792236329988472483959461e-06,1,0,0,0,0.984807789325710003502933886921,0.173648044466969991850291421542,0,-0.173648044466969991850291421542,0.984807789325710003502933886921],"EasingStyle":"Enum.PoseEasingStyle.Linear"},"Left Arm":{"EasingDirection":"Enum.PoseEasingDirection.In","CFrame":[0.535288691520690029790330299875,-0.24759870767593000762119004321,-0.0301930904388429989515518769849,0.793274283409119984611379550188,0.60723924636840997948183940025,-0.0444572605192659967010548882627,-0.606837987899780051392895074969,0.782571315765379971196580299875,-0.139031514525409988225490565128,-0.0496344119310379999765459047012,0.137268483638760013798574277644,0.989289522171019952700987687422],"EasingStyle":"Enum.PoseEasingStyle.Linear"},"Right Leg":{"EasingDirection":"Enum.PoseEasingDirection.Out","CFrame":[0.939693331718440050259744111827,0.342021048069000022096020074969,1.43051147460939998747194400186e-06,0.996194720268249955807959850063,-0.0871555507183069955168264186796,-1.66334501727760006776647278366e-10,0.0871555507183069955168264186796,0.996194720268249955807959850063,3.80969122915080004916470936163e-09,-1.66334501727760006776647278366e-10,-3.80969122915080004916470936163e-09,1],"EasingStyle":"Enum.PoseEasingStyle.Linear"},"EasingStyle":"Enum.PoseEasingStyle.Linear","Left Leg":[]}},"KeyTime":0.800000000000000044408920985006},{"HumanoidRootPart":{"Torso":{"EasingDirection":"Enum.PoseEasingDirection.Out","Right Arm":{"EasingDirection":"Enum.PoseEasingDirection.In","CFrame":[-0.564716696739199996990521412954,-0.267317891120909978397435224906,0.0399102866649629975381863289385,0.886022746562959984117924250313,-0.429653614759450019899844619431,0.174245387315750011048010037484,0.460136622190480015781588463142,0.860988378524780051392895074969,-0.216733172535899992761088128645,-0.0569030642509460032885115765566,0.272207200527189996375199143586,0.960554659366609997483976712829],"EasingStyle":"Enum.PoseEasingStyle.Cubic"},"CFrame":[0,-0.0305410288274290016297118910416,-0.193921104073520006449982133745,1,0,0,0,0.939692616462709962021904175344,-0.342020153999330001060030781446,0,0.342020153999330001060030781446,0.939692616462709962021904175344],"Head":{"EasingDirection":"Enum.PoseEasingDirection.Out","CFrame":[0,7.15255737304690041098841762901e-07,1.78813934326169995645648279521e-07,1,0,0,0,0.939692676067349963453523287171,0.342020034790040006189570931383,0,-0.342020034790040006189570931383,0.939692676067349963453523287171],"EasingStyle":"Enum.PoseEasingStyle.Linear"},"Left Arm":{"EasingDirection":"Enum.PoseEasingDirection.In","CFrame":[0.595589637756349987718351712829,-0.272774100303650013366052462516,-0.0301859974861150015534860813204,0.886598825454710026683358137234,0.462122112512589999777645743961,-0.0196392778307199998566456855542,-0.459868431091309981528780781446,0.876128196716310037039932012704,-0.144639059901240013550349772231,-0.0496343784034250015690936663759,0.137268289923669989383014922169,0.989289581775669946139828425657],"EasingStyle":"Enum.PoseEasingStyle.Cubic"},"Right Leg":{"EasingDirection":"Enum.PoseEasingDirection.Out","CFrame":[0.913811206817629950727166487923,0.438612639904019996350825749687,1.81794166564940008645637030404e-06,0.965925872325899992354436562891,-0.258818805217739977830859743335,-1.48942547184559998337927970473e-09,0.258818805217739977830859743335,0.965925872325899992354436562891,1.13133307166890004840101847353e-08,-1.48942902455930008378098230082e-09,-1.13133307166890004840101847353e-08,1],"EasingStyle":"Enum.PoseEasingStyle.Linear"},"EasingStyle":"Enum.PoseEasingStyle.Linear","Left Leg":{"EasingDirection":"Enum.PoseEasingDirection.Out","CFrame":[-6.25848770141599974313223898187e-07,2.14576721191410019296615281637e-06,0,0.965925931930539993786055674718,-0.258818745613099976399240631508,1.48942902455930008378098230082e-09,0.258818745613099976399240631508,0.965925931930539993786055674718,-1.1313326275796999590696304298e-08,1.48942191913190008977273024691e-09,1.13133271639750007374315848049e-08,1],"EasingStyle":"Enum.PoseEasingStyle.Linear"}}},"KeyTime":0.859999999999999986677323704498},{"KeyTime":1},{"HumanoidRootPart":{"Torso":{"EasingDirection":"Enum.PoseEasingDirection.Out","Right Arm":{"EasingDirection":"Enum.PoseEasingDirection.In","CFrame":[1.00914239883420009391556959599,0.348121970891950016646632093398,-0.409748673439029986731441113079,-0.504463493824010011934433350689,-0.759336531162259964489180674718,0.411004304885859983453855193147,0.858783602714540017508682012704,-0.490588217973709994623732200125,0.14769537746906000186264407148,0.0894833728671070027793632561952,0.427470684051510008139018736983,0.899589657783509966115786937735],"EasingStyle":"Enum.PoseEasingStyle.Linear"},"CFrame":[0,-0.265268921852109984538259368492,-0.0969601869583130021590378078145,1,0,0,0,0.866025209426879993834802462516,-0.500000298023219991172538811952,0,0.500000298023219991172538811952,0.866025209426879993834802462516],"Head":{"EasingDirection":"Enum.PoseEasingDirection.Out","CFrame":[0,3.94880771636959978949243813343e-07,5.36441802978519966043854678289e-07,1,0,0,0,0.984807729721070002071314775094,-0.173648327589040002427722697576,0,0.173648327589040002427722697576,0.984807729721070002071314775094],"EasingStyle":"Enum.PoseEasingStyle.Linear"},"Left Arm":{"EasingDirection":"Enum.PoseEasingDirection.In","CFrame":[-1.01897513866420008632474036858,0.355058789253229978299941649311,-0.377294898033139980420003212203,-0.513809621334080035559566113079,0.80852496623992997637486723761,-0.286857247352599986633947537484,-0.849906444549559991763487687422,-0.525272011756899970258416487923,0.0418137535452840006233721226181,-0.116870611906049998163226177894,0.26528611779213001620192358132,0.957060337066649946535790149937],"EasingStyle":"Enum.PoseEasingStyle.Linear"},"Right Leg":{"EasingDirection":"Enum.PoseEasingDirection.Out","CFrame":[8.94069671630860036744490042422e-08,1.43051147460939998747194400186e-06,0,0.939692556858059968583063437109,-0.342020362615589990085140925657,-2.6361242078109998192785335693e-09,0.342020362615589990085140925657,0.939692556858059968583063437109,1.49501850899010008458505510687e-08,-2.63612065509729992567198411148e-09,-1.49501850899010008458505510687e-08,1],"EasingStyle":"Enum.PoseEasingStyle.Linear"},"EasingStyle":"Enum.PoseEasingStyle.Linear","Left Leg":{"EasingDirection":"Enum.PoseEasingDirection.Out","CFrame":[-0.81115770339965997948183940025,1.15846276283260007922137901915,2.98023223876950014800896800616e-08,0.996194720268249955807959850063,-0.0871557444334030012589309421855,1.66334501727760006776647278366e-10,0.0871557444334030012589309421855,0.996194720268249955807959850063,-3.80969789048889982362842382782e-09,1.66334501727760006776647278366e-10,3.80969789048889982362842382782e-09,1],"EasingStyle":"Enum.PoseEasingStyle.Linear"}}},"KeyTime":1.05800000000000005151434834261},{"HumanoidRootPart":{"Torso":{"EasingDirection":"Enum.PoseEasingDirection.Out","Right Arm":{"EasingDirection":"Enum.PoseEasingDirection.In","CFrame":[0.871567606925960025598953961889,0.184846222400670001650979656915,-0.357160776853560013588406718554,-0.493350207805629992208196199499,-0.766523480415340019433756424405,0.411153644323349998224159662641,0.861857891082760008139018736983,-0.49462375044822998182425521918,0.112019032239909999137950080694,0.117501154541969993205796640723,0.409620642662050005178286937735,0.904657065868380017015226712829],"EasingStyle":"Enum.PoseEasingStyle.Cubic"},"CFrame":[0,-0.199999123811719997645397484121,-2.98023223876950014800896800616e-08,1,0,0,0,0.819152534008030008827461188048,-0.573575735092159977313031049562,0,0.573575735092159977313031049562,0.819152534008030008827461188048],"Head":{"EasingDirection":"Enum.PoseEasingDirection.Out","CFrame":[0,-6.70552253723139978447908508136e-07,-1.25169754028319994862644779637e-06,1,0,0,0,0.965925693511960004045135974593,-0.258819580078129996003610813204,0,0.258819580078129996003610813204,0.965925693511960004045135974593],"EasingStyle":"Enum.PoseEasingStyle.Linear"},"Left Arm":{"EasingDirection":"Enum.PoseEasingDirection.In","CFrame":[-0.875715315341950018002137312578,0.190039485692979986941608672169,-0.358689278364180019753604256039,-0.513321280479430042120725374843,0.814742565155029963008814775094,-0.269621461629869996201591675344,-0.850272297859190007152108137234,-0.525425374507899944909183886921,0.0310675520449880011863985629361,-0.116353899240489999655778774468,0.245199307799339988322984140723,0.962465107440950040640359475219],"EasingStyle":"Enum.PoseEasingStyle.Cubic"},"Right Leg":{"EasingDirection":"Enum.PoseEasingDirection.Out","CFrame":[0.0258817374706270010575881457271,-0.0965919494628909997002708109903,0,0.965925693511960004045135974593,-0.258819490671160001848960519055,-1.48944678812770008334507008837e-09,0.258819490671160001848960519055,0.965925693511960004045135974593,1.13133538093280003684111561678e-08,-1.48942191913190008977273024691e-09,-1.13133564738629997340745115338e-08,1],"EasingStyle":"Enum.PoseEasingStyle.Linear"},"EasingStyle":"Enum.PoseEasingStyle.Linear","Left Leg":{"EasingDirection":"Enum.PoseEasingDirection.Out","CFrame":[-0.81115770339965997948183940025,1.15846276283260007922137901915,2.98023223876950014800896800616e-08,0.996194720268249955807959850063,-0.0871557444334030012589309421855,1.66334501727760006776647278366e-10,0.0871557444334030012589309421855,0.996194720268249955807959850063,-3.80969789048889982362842382782e-09,1.66334501727760006776647278366e-10,3.80969789048889982362842382782e-09,1],"EasingStyle":"Enum.PoseEasingStyle.Linear"}}},"KeyTime":1.11000000000000009769962616701},{"HumanoidRootPart":{"Torso":{"EasingDirection":"Enum.PoseEasingDirection.Out","Right Arm":{"EasingDirection":"Enum.PoseEasingDirection.In","CFrame":[-0.470749735832210025598953961889,-0.233116477727889986892861884371,0.0399159789085389987706165015879,0.79266023635864002461204336214,-0.57263517379760997538795663786,0.209233552217479995549709315128,0.607002258300780028754672912328,0.773299515247339974699514186796,-0.183183148503300002873928065128,-0.0569030903279780023162892632627,0.272207260131839989814039881821,0.960554659366609997483976712829],"EasingStyle":"Enum.PoseEasingStyle.Linear"},"CFrame":[0,-0.130540683865550011244494044149,-0.193920895457270009432093615942,1,0,0,0,0.939692616462709962021904175344,-0.342020153999330001060030781446,0,0.342020153999330001060030781446,0.939692616462709962021904175344],"Head":{"EasingDirection":"Enum.PoseEasingDirection.Out","CFrame":[0,7.15255737304690041098841762901e-07,1.78813934326169995645648279521e-07,1,0,0,0,0.939692676067349963453523287171,0.342020034790040006189570931383,0,-0.342020034790040006189570931383,0.939692676067349963453523287171],"EasingStyle":"Enum.PoseEasingStyle.Linear"},"Left Arm":{"EasingDirection":"Enum.PoseEasingDirection.In","CFrame":[0.50161653757095003847155112453,-0.238572806119919988976363356414,-0.030194967985153000483711238644,0.793274164199829989740919700125,0.607239365577699974352299250313,-0.0444572791457180024887740898976,-0.606838107109070046263354925031,0.782571256160739969764961188048,-0.139031514525409988225490565128,-0.0496344156563280000660220991904,0.137268483638760013798574277644,0.989289522171019952700987687422],"EasingStyle":"Enum.PoseEasingStyle.Linear"},"Right Leg":[],"EasingStyle":"Enum.PoseEasingStyle.Linear","Left Leg":{"EasingDirection":"Enum.PoseEasingDirection.Out","CFrame":[-0.913811206817629950727166487923,0.438612639904019996350825749687,1.78813934326169990351692359182e-06,0.965925872325899992354436562891,0.258818805217739977830859743335,1.48942547184559998337927970473e-09,-0.258818805217739977830859743335,0.965925872325899992354436562891,1.13133307166890004840101847353e-08,1.48942902455930008378098230082e-09,-1.13133307166890004840101847353e-08,1],"EasingStyle":"Enum.PoseEasingStyle.Linear"}}},"KeyTime":1.29000000000000003552713678801},{"HumanoidRootPart":{"Torso":{"EasingDirection":"Enum.PoseEasingDirection.Out","Right Arm":{"EasingDirection":"Enum.PoseEasingDirection.In","CFrame":[-0.564715504646300048285922912328,-0.267320394515989989692172912328,0.0399095118045810007267881758253,0.886022746562959984117924250313,-0.429653614759450019899844619431,0.174245387315750011048010037484,0.460136622190480015781588463142,0.860988378524780051392895074969,-0.216733172535899992761088128645,-0.0569030642509460032885115765566,0.272207200527189996375199143586,0.960554659366609997483976712829],"EasingStyle":"Enum.PoseEasingStyle.Cubic"},"CFrame":[0,-0.0305410288274290016297118910416,-0.193921104073520006449982133745,1,0,0,0,0.939692616462709962021904175344,-0.342020153999330001060030781446,0,0.342020153999330001060030781446,0.939692616462709962021904175344],"Head":{"EasingDirection":"Enum.PoseEasingDirection.Out","CFrame":[0,7.15255737304690041098841762901e-07,1.78813934326169995645648279521e-07,1,0,0,0,0.939692676067349963453523287171,0.342020034790040006189570931383,0,-0.342020034790040006189570931383,0.939692676067349963453523287171],"EasingStyle":"Enum.PoseEasingStyle.Linear"},"Left Arm":{"EasingDirection":"Enum.PoseEasingDirection.In","CFrame":[0.59558880329132002362513276239,-0.272776305675509977977100106727,-0.0301766097545619997599697370561,0.886598825454710026683358137234,0.462122112512589999777645743961,-0.0196392778307199998566456855542,-0.459868431091309981528780781446,0.876128196716310037039932012704,-0.144639059901240013550349772231,-0.0496343784034250015690936663759,0.137268289923669989383014922169,0.989289581775669946139828425657],"EasingStyle":"Enum.PoseEasingStyle.Cubic"},"Right Leg":[],"EasingStyle":"Enum.PoseEasingStyle.Linear","Left Leg":{"EasingDirection":"Enum.PoseEasingDirection.Out","CFrame":[-0.939693093299870052526046038111,0.34202009439468000762119004321,1.78813934326169990351692359182e-06,0.965925872325899992354436562891,0.258818805217739977830859743335,1.48942547184559998337927970473e-09,-0.258818805217739977830859743335,0.965925872325899992354436562891,1.13133307166890004840101847353e-08,1.48942902455930008378098230082e-09,-1.13133307166890004840101847353e-08,1],"EasingStyle":"Enum.PoseEasingStyle.Linear"}}},"KeyTime":1.3489999999999999769073610878},{"HumanoidRootPart":{"Torso":{"EasingDirection":"Enum.PoseEasingDirection.Out","Right Arm":{"EasingDirection":"Enum.PoseEasingDirection.Out","CFrame":[0.996923148632050004636084850063,0.335135400295260010850029175344,-0.239339590072630004069509368492,-0.502021312713620049272833512077,-0.69832891225814996971621440025,0.510207116603849986091745449812,0.864329397678380018099630888173,-0.425680041313169998939969218554,0.267826795577999987596484743335,0.0301537849009040001546644305108,0.575441777706150014992658725532,0.817286670207979959457134100376],"EasingStyle":"Enum.PoseEasingStyle.Linear"},"CFrame":[0,-0.165269419550899993032189172482,-0.0969610586762429949025943187735,1,0,0,0,0.766044378280639981504407387547,-0.642787694931030051392895074969,0,0.642787694931030051392895074969,0.766044378280639981504407387547],"Head":{"EasingDirection":"Enum.PoseEasingDirection.Out","CFrame":[0,-8.19563865661620034958815932125e-08,4.76837158203129976318565119014e-07,1,0,0,0,0.984807729721070002071314775094,-0.173648327589040002427722697576,0,0.173648327589040002427722697576,0.984807729721070002071314775094],"EasingStyle":"Enum.PoseEasingStyle.Linear"},"Left Arm":{"EasingDirection":"Enum.PoseEasingDirection.Out","CFrame":[-1.01035714149480004842018843192,0.346405565738679976917069325282,-0.209536135196690009863118575595,-0.508022665977480025745194325282,0.765465319156649948162396412954,-0.394937783479689996646300187422,-0.859293699264530030923481263017,-0.482014179229739991860981263017,0.1711043268442200004919584444,-0.0593911893665790002749815812422,0.426292419433589975241716274468,0.902633607387539949051813437109],"EasingStyle":"Enum.PoseEasingStyle.Linear"},"Right Leg":{"EasingDirection":"Enum.PoseEasingDirection.Out","CFrame":[0.811155974864960049863782387547,1.15845537185669988922143147647,2.98023223876950014800896800616e-08,1,-1.49011611938480003571348220595e-08,0,1.49011611938480003571348220595e-08,1,8.88178419700129965504336660543e-16,0,-8.88178419700129965504336660543e-16,1],"EasingStyle":"Enum.PoseEasingStyle.Linear"},"EasingStyle":"Enum.PoseEasingStyle.Linear","Left Leg":{"EasingDirection":"Enum.PoseEasingDirection.Out","CFrame":[-0.099999606609343996699301726494,-0.17320477962493999180004777827,0,0.866025447845459983575722162641,0.499999910593030005845349705851,5.85622572657479971877600782794e-09,-0.499999910593030005845349705851,0.866025447845459983575722162641,2.18556941433690008286856737039e-08,5.85620796300650001486119209499e-09,-2.18556976960830005752642736343e-08,1],"EasingStyle":"Enum.PoseEasingStyle.Linear"}}},"KeyTime":1.54899999999999993249844010279},{"HumanoidRootPart":{"Torso":{"EasingDirection":"Enum.PoseEasingDirection.Out","Right Arm":{"EasingDirection":"Enum.PoseEasingDirection.Out","CFrame":[0.856431722640989989692172912328,0.558148086071009963404776499374,-0.439145147800449997532723500626,-0.635515868663789951220621787797,-0.668987035751339997879938437109,0.385455340147019986929421975219,0.763094365596770018989047912328,-0.620215415954589954772302462516,0.181713700294489993725122189971,0.117501236498360001059282353708,0.409620761871340000048746787797,0.904657006263730023576385974593],"EasingStyle":"Enum.PoseEasingStyle.Linear"},"CFrame":[0,-0.199999943375589989136287272231,-6.10947608947749988722618948861e-07,1,0,0,0,0.707107007503509965573584850063,-0.707106530666349986091745449812,0,0.707106530666349986091745449812,0.707107007503509965573584850063],"Head":{"EasingDirection":"Enum.PoseEasingDirection.Out","CFrame":[0,-7.45058059692380033173141821827e-08,-4.76837158203129976318565119014e-07,1,0,0,0,0.965925872325899992354436562891,0.258818924427029972701319593398,0,-0.258818924427029972701319593398,0.965925872325899992354436562891],"EasingStyle":"Enum.PoseEasingStyle.Linear"},"Left Arm":{"EasingDirection":"Enum.PoseEasingDirection.Out","CFrame":[-0.867813050746919945055424250313,0.572663903236390048334669700125,-0.407711029052729989619052730632,-0.653170943260189984513885974593,0.711125791072850010898775963142,-0.260130286216740003180092344337,-0.748217523097989944957930674718,-0.65892142057419000877871440025,0.0774149149656299939703529844337,-0.11635366827250000210103308973,0.245199218392369994168333846574,0.962465167045590042071978587046],"EasingStyle":"Enum.PoseEasingStyle.Linear"},"Right Leg":{"EasingDirection":"Enum.PoseEasingDirection.Out","CFrame":[0.707103490829469993883549250313,1.2247447967528999335229400458,2.98023223876950014800896800616e-08,1,-1.49011611938480003571348220595e-08,0,1.49011611938480003571348220595e-08,1,8.88178419700129965504336660543e-16,0,-8.88178419700129965504336660543e-16,1],"EasingStyle":"Enum.PoseEasingStyle.Linear"},"EasingStyle":"Enum.PoseEasingStyle.Linear","Left Leg":{"EasingDirection":"Enum.PoseEasingDirection.Out","CFrame":[-0.192836284637450006140824143586,-0.229812920093540012933530647388,0,0.766044557094569977806486349436,0.642787516117100055090816113079,1.02265218515640001516573976683e-08,-0.642787516117100055090816113079,0.766044557094569977806486349436,2.80971317323520005918028794294e-08,1.0226514746136999892680161865e-08,-2.80971317323520005918028794294e-08,1],"EasingStyle":"Enum.PoseEasingStyle.Linear"}}},"KeyTime":1.594999999999999973354647409},{"HumanoidRootPart":{"Torso":{"EasingDirection":"Enum.PoseEasingDirection.Out","Right Arm":{"EasingDirection":"Enum.PoseEasingDirection.Out","CFrame":[-0.504426717758180043205129550188,-0.24213629961013999336572055654,0.0399139821529390023679972898663,0.79266023635864002461204336214,-0.57263517379760997538795663786,0.209233567118639995907614093085,0.607002258300780028754672912328,0.773299515247339974699514186796,-0.183183133602140002516023287171,-0.0569031126797200012545907554795,0.272207260131839989814039881821,0.960554659366609997483976712829],"EasingStyle":"Enum.PoseEasingStyle.Linear"},"CFrame":[0,-0.130540564656259988618458578458,-0.193921089172360006092077355788,1,0,0,0,0.984807729721070002071314775094,-0.173648402094840004217246587359,0,0.173648402094840004217246587359,0.984807729721070002071314775094],"Head":{"EasingDirection":"Enum.PoseEasingDirection.Out","CFrame":[0,1.18464231491089989506155111948e-06,-1.22189521789549997744523789772e-06,1,0,0,0,0.984807729721070002071314775094,-0.173648327589040002427722697576,0,0.173648327589040002427722697576,